-6612
4269
5619
-3476
-4220
-2870
7312
7123
-949
9176
8004
-393
-5248
5263
1284
3331
-8954
357
-1437
-5764
6052
-1627
6018
778
4928
4751
2334
5133
-5735
2389
-8254
-3578
519
-9122
-1890
9455
-762
-1061
-7922
605
-3579
3912
9886
-9397
4184
2687
-7999
9762
2143
3512
-4960
-4355
-5930
-2053
-6709
3915
7525
7424
6628
2137
6898
6350
-1271
8167
49
-7991
-4561
9454
5642
-9654
9029
-7078
1967
-5940
9418
71
9530
-4463
-5546
-1654
6704
3511
6500
9143
4394
-9683
-3913
6440
-6592
5378
9809
2416
643
-5093
7380
-5733
1975
9140
1213
-1159
-2681
7882
5816
-5839
-388
-6066
5556
-958
-9025
-3466
-799
-4604
4642
7753
-668
6390
-7502
251
-2565
4384
4671
8907
6078
-1321
-6346
-8633
-5408
7039
-3663
-5290
-9283
3428
6332
8614
-3581
-1901
5853
5980
-9931
6786
-6920
2292
4055
-1018
1041
5772
3591
118
117
-5216
492
3876
-8355
4135
5757
-5549
4821
-4025
5571
-2895
7108
3900
-736
-4283
6182
-6102
-7772
-7880
1650
2762
5714
-751
-5832
7825
7627
-9310
-5601
-6974
1642
8611
2717
3659
8588
9260
-4225
-3178
6831
873
-3765
-261
9359
9494
9389
3350
-7509
-9270
-8935
4486
-5122
-2494
156
-3058
-5794
6227
3928
2461
7125
8542
8737
3302
2814
6095
4176
-7139
-556
5330
2845
-6354
-9221
6171
9097
-2811
-2079
5569
-4416
465
8599
-4487
-9974
3091
-2154
6284
-419
-758
8591
-1929
1770
-6037
-9878
5656
-3923
3267
6158
1424
-938
4162
-8146
-2743
-1844
1248
-7440
5442
4830
2549
8850
-6968
-4671
2226
-9972
-1461
-4254
2079
4864
8669
-1338
1316
7316
7166
8393
5433
4200
-511
-6978
-8049
2330
-2251
-4768
6511
6702
7939
6125
4346
3137
-66
5187
-8283
-9546
8999
6047
3655
8455
116
-7337
-4054
-201
7489
1511
757
7018
6535
6815
3999
4421
764
-31
-7207
4816
-1241
8329
-7190
-3946
2041
2928
-6209
-4496
8721
-8508
-9919
-7225
-9137
-1335
-419
-4051
9713
-7162
8978
2275
8709
-1810
8488
9677
2930
9709
9640
379
7528
-5943
1507
9244
27
485
-5460
2583
-8556
-3507
6866
-6600
-4389
9108
-4392
4467
-993
1835
-3630
3929
8681
9398
-4354
-490
-2450
-6982
4974
-5472
-4176
225
-4901
7171
8410
-1565
-9727
9508
-8045
9566
-4550
-3213
-2168
617
6664
491
9240
9515
6508
-5612
3696
670
4441
-7733
-5213
-9503
8201
833
-2428
6472
-4096
3896
6139
9743
-219
-6902
6197
879
2439
8354
-1444
-5557
-9209
4128
9892
6265
-8896
-8968
9751
-7221
9210
6687
9044
-2256
4084
9405
-9927
2192
2338
-7051
7664
-7247
5897
-5374
8353
-6370
4514
7105
6016
-9724
-4767
2907
8261
-3936
-7475
-6840
4308
9388
-5169
-8814
-7044
8022
720
5770
-6166
-4747
-1406
1223
-3228
-7311
6488
-7206
-9188
-9588
-9433
-1434
7968
8971
-9848
-9588
6675
3163
7586
-2218
5417
1414
4138
8234
-4722
-5071
-8002
-9063
6692
-5151
7859
-7032
-1370
-5179
-2096
-7152
9905
4219
-989
8713
-9709
6214
7543
666
7147
-4691
6453
-1949
1573
-4284
1353
-4631
2148
-471
2460
-1958
-9324
3734
2855
3299
-2154
2440
6775
1214
2679
9265
-3955
8955
4934
-5818
435
5923
2908
-3989
-8972
6751
-9774
6861
9853
-8511
-2928
-861
5320
25
218
-4577
-2465
-1496
3389
-4778
-6545
9871
-5176
-2381
1892
5603
-6424
8327
7902
-4900
-2949
-6150
-3063
2321
-560
7985
-5932
-7173
-6934
6408
2268
2978
6793
7622
8801
-5656
3013
-9985
7830
2463
5306
697
-1589
-2206
-7442
5606
8855
-8147
-4380
-5646
1500
7523
-4116
-4057
1601
-8366
1348
-3372
-2517
-1795
-1335
408
-5366
1752
8800
-384
-7592
-6450
8812
4545
819
-1745
-1562
-4293
9351
-6924
6007
3985
3216
-1786
-4226
9858
-7119
8584
4026
-8647
3587
-4415
-1334
3156
-4846
-7982
3946
1529
6686
-3949
9598
8434
-2173
-9310
-8059
-6552
-285
256
3656
-7373
-8246
4235
-1191
7925
-9418
-4920
8046
-5177
8562
3837
-4923
4577
-2141
5303
-1715
7633
421
-31
1085
-2876
-4358
9777
4897
-3571
4351
9841
-5255
9232
2972
-9402
743
8801
-376
2892
-8531
-3575
-6415
-7964
-8439
-9805
1211
-5715
-1604
2682
4593
2314
-131
-6543
4937
-5136
-6351
-3662
-5442
7788
7075
7866
4271
1134
-4659
1703
2993
1161
524
7484
9019
-6599
-9040
5236
2872
-4317
-8639
9056
-7283
8181
9845
-1959
4090
-7572
9180
-7440
154
8474
-9817
572
8839
-7696
3541
6691
-9694
4002
4781
9819
-2074
3599
2166
1518
-8460
4308
-6882
-339
6095
7761
-516
4860
4868
4683
1762
-8965
7678
-6382
8050
-7002
7828
-2205
2472
2072
-4341
-9914
352
6812
2025
-45
3830
3392
3281
-388
-9385
-5389
-7995
5936
493
-8319
1836
1885
-6210
5038
-2398
-1877
5178
-8114
-1147
-9969
6611
-402
414
-8160
-676
-117
6089
1024
7039
1181
-1284
-8848
-1654
-3310
-9120
-5377
8484
3826
5993
5354
-41
6851
-9804
-3789
-3806
5613
7682
1496
3041
-3078
6689
9000
8813
8345
-4230
6292
-7638
1303
1508
4032
-4040
-1066
82
1940
2369
6151
-821
4668
4128
1700
-3712
7816
8142
-4718
-7251
6306
259
-3630
4821
6548
2429
9453
-7370
-247
-9015
9718
8164
8733
-3416
-9985
6614
-1542
7317
1208
6653
1387
9927
4084
2237
343
2055
-5569
9061
-6339
-7089
-7571
-105
556
763
7685
-1138
5664
4126
359
-6778
18
8706
7719
-8714
-4299
-9917
9801
-3990
7755
3630
-6924
2216
-1238
-5214
1649
8004
8384
-6627
6769
-3659
6749
2007
6504
-6038
8921
-269
-7084
1097
7169
-1501
5074
-8525
-8104
1030
-8886
-6996
-5206
5209
5199
-2337
6948
8895
-8022
-206
-1751
-6023
-1282
-4055
-3275
6375
9647
-5757
4947
-2287
-9094
-5990
-3534
2224
7952
-3705
-6071
-6948
4833
4438
4171
1554
2357
-682
-3403
3878
6383
-6632
-85
7274
-857
-1348
6827
6871
-9093
3541
-5769
5157
-4369
-7178
4826
4715
1329
-701
7471
-4126
-5766
-4768
1896
7493
-8441
-3674
-6371
6610
8212
-5107
-4043
-9470
1588
4276
1409
3912
-8018
3803
1286
3431
7170
-3744
-7998
1458
-4222
-8499
-2541
-9547
3353
7210
-3767
7085
-1421
816
3877
-3298
-3843
4798
-5244
-9068
3017
4054
-3358
3547
-8949
-8021
9496
466
5721
9115
-4093
8539
1810
-2287
6375
9959
-5881
-8741
8860
9138
3716
9265
4448
-9880
5356
-8572
-2761
-9168
6186
1925
-4472
-6561
-3789
-6309
6574
1683
-3896
-9016
9048
5391
-7526
3837
-2304
-4168
3928
-2055
-5368
-7496
9029
-1954
7795
2459
1724
-3723
8161
-596
-5443
7902
5014
1955
-9263
-5063
-5809
9298
-9440
2342
-7791
7264
2942
-1006
4346
-3147
8126
3260
2097
943
4164
4132
1177
585
5442
-2209
8106
4748
-4885
5793
6843
1952
8911
6654
2437
7059
-4613
3823
1407
-2917
356
-130
-4224
-4058
3920
2281
-2680
6537
-5514
7289
-1743
4910
530
5621
-8447
7162
3272
-7677
-3446
6248
4618
-5470
-4004
4192
-5297
-4681
-1875
-2953
-869
5215
-8708
6176
-3305
-5430
6821
5712
512
6854
241
-1312
-2518
5572
-9588
6072
-4844
1007
-8628
-9788
4118
4870
9582
-9524
9133
-1253
-2286
949
-1853
-2442
-2546
-5443
-8286
-3133
-2532
1292
9378
-4043
-9743
7631
2950
-5662
4844
-6349
8331
-813
5227
4703
892
9256
7023
-5175
1885
-5897
-8953
4005
1360
1040
-4172
9551
-4062
-3580
7256
-9250
1599
-8292
2587
1602
-3807
-3763
953
7083
993
4115
-450
3117
-5572
9907
-678
-71
-7445
-9714
-7315
4928
9630
-3104
-4610
8699
-6301
9378
3048
-1699
-6062
-64
4179
-9924
-6530
-9054
2069
2504
6695
4746
-3407
1487
873
-9723
4212
-6190
-8017
5856
-2268
8243
-7138
9234
2606
7190
8251
-4835
-8339
-2037
7863
6857
1633
1521
1582
1064
8048
-7441
-9635
-9398
-3757
-1571
8405
3864
-4175
458
-3543
7926
7945
-989
1118
-6839
2330
-2991
-3084
7638
4699
-5078
-9352
-1524
1075
-997
6784
1979
-4022
-2690
1607
-2396
-2896
-2864
8245
-5092
5333
-4389
-8307
-715
-3298
-8688
9988
-9011
-9876
1981
2773
-2198
-3905
-976
-7856
-975
7355
-8975
7249
-5772
-8812
6781
4249
-1309
8974
-4991
-3764
-2118
-9511
9453
-9180
-337
-9115
8458
8872
1742
-963
6794
4549
3964
-627
-6056
-3983
-9369
-1366
5702
-7446
-7701
-4985
-4500
3782
5691
-5092
-722
-8452
-734
-4529
-5504
-6793
-9702
4922
3482
-99
-4923
447
1016
3520
-9856
-6795
937
899
3044
-268
9424
-3478
4511
-5834
-993
-5550
236
-5814
-2463
-7276
-6575
1217
-8863
2721
-3660
5287
-8419
-8614
2861
8319
-8378
-2720
-9912
2188
-5402
-9224
-7283
7972
-4138
-7288
6769
-9382
-7966
5933
5645
-7510
5558
2591
4821
1186
-3261
1965
9714
5466
6320
7930
-3488
1607
1561
5117
-6697
-4833
2477
4699
5951
-3171
-6693
6240
-5181
7812
-6933
-5724
74
-6954
-6757
4802
3816
4819
5502
9425
-4784
2835
8135
5495
707
-7504
653
-4749
6803
3894
-5
-6508
-9764
2202
-258
-3710
-4367
6146
-1065
-4449
-4068
4406
6605
-2478
-8085
-261
-7003
-167
8233
-4717
6063
3725
268
-6802
7564
-9287
147
1123
5332
617
5061
4648
6894
-5465
-6648
-5845
3076
2616
8843
-3323
8432
-2880
-7602
637
-372
-5695
-6236
3793
8449
-7732
-1232
-2930
-9902
5566
-8032
5159
-4829
-4626
-8217
-509
5812
-725
6936
6988
-6122
-5343
8079
5076
-708
-7331
-5063
7748
9483
496
-4845
5824
-8613
7672
-5170
-1181
6728
-2631
-1413
-4481
6496
4242
-5654
-9111
335
-4183
-9284
-1559
-3165
9298
1983
5709
-9135
3595
6452
-3933
-7086
2096
7466
7366
4403
-9334
-5083
-7659
3322
3052
289
2962
5302
-9809
-1375
-4816
-9354
3131
2063
-9679
-6367
-2603
-5379
4263
6938
2058
-4748
4111
647
3687
308
944
5043
-6117
6078
-4856
-1551
-7257
-8505
962
-9304
9124
-7132
-8042
6118
8297
7653
-9489
-8969
-486
-6324
-6986
4779
-7570
-9080
9602
-3288
3778
-6989
-3616
-9796
4418
-8170
4162
9716
-2853
-1736
9935
-8725
-3839
6476
-5353
9184
9865
-3431
-3899
-6249
-4233
8256
-1797
1925
9963
-6998
4695
-210
-8173
7939
-6435
8125
-5979
-6076
-8781
-2551
4242
-4675
-4369
2490
-2535
-4610
-9563
8930
4072
-7679
-8155
2235
-2250
-535
-6941
8177
-7194
-4217
-6685
2369
4209
-7656
5709
336
8048
-5884
6558
-260
2804
-2598
2962
-5433
-8893
-788
4648
-9401
5996
-9962
4311
6424
-5636
-8312
5988
-4553
9760
-5817
-5918
2524
-4340
6147
658
-7984
-6580
9392
6246
-7313
-7757
5314
5166
-7693
4574
-754
-3372
-6460
9526
-786
-6529
8937
8484
-1108
-3427
2552
-7471
-5042
-797
3589
4840
-4891
2981
-4849
6113
-9518
-8348
9290
-1919
5732
-4901
-6731
-4560
8934
6958
-5281
8117
595
8489
-7769
3601
7395
574
-5812
-5859
5151
-8447
-9679
-2595
1101
-5639
-5274
-627
7128
8913
3789
4526
-7339
2271
-6210
9257
-6369
-704
7909
-1974
8054
1126
4456
-2709
-8193
7509
2147
6440
-2599
-7067
6084
-2505
6776
-995
-655
-276
4512
-7608
-7559
1217
5885
5720
8988
-2363
550
8013
3399
2320
-9184
4939
1046
-4648
-9509
-4525
5937
8271
2247
-8584
9477
-4455
4512
-7384
3025
6675
8147
8593
-6364
-5927
-3458
-6954
2763
-1238
-9763
-522
-3338
181
2866
-552
1714
-488
-1476
4816
-8093
-2665
-686
-6273
1675
-9369
5812
-5302
6470
4565
6289
-5306
8024
-2430
1008
-2628
-2018
-9778
-8387
3362
4687
-8815
1613
-6073
1392
-5406
-8721
-4336
4147
-7208
6117
-8757
-1937
4467
-733
1107
402
-714
-1852
-9571
-7742
6813
-2716
-1902
1968
7362
-1
6183
-9180
7411
-7411
-9685
-4359
-6504
-8494
-8083
5073
2463
2758
1115
-8986
7055
-3827
8171
-8828
-6654
-3910
-9236
8026
9732
-6832
-1615
1194
-9802
1110
4124
-8089
3131
-7606
-1495
-1955
5261
-2184
820
-807
-1540
7055
8859
-9192
2299
6387
-3225
-8096
100
-2283
-9850
8088
-1578
2537
6072
-4398
-1070
2698
5556
-5668
6605
5940
-1534
-1067
-7712
455
7769
-866
-2132
561
-3984
1047
6199
8982
6435
-3912
-3050
-6005
2124
3772
-2151
-9834
-9955
3847
-9763
-5240
-1571
-6949
382
232
1867
-9582
-1215
4840
2342
-4425
-9764
-3908
5355
-5452
3764
6662
4243
7603
1810
7283
-4255
1922
6947
-1262
-5876
-8501
-4619
2375
4760
5636
4703
-8554
1548
-9695
9212
-1984
-1393
6116
-983
-6089
7293
2623
-7957
-1640
-2294
-136
-8415
9375
4635
2934
-5630
3299
7860
-1643
-3595
-6336
-5692
-5943
-1630
-9108
-279
-2747
-5935
7854
2167
8970
2525
8937
-2659
7230
-3358
4559
-4179
-2919
1824
1627
844
2379
-7951
-237
82
-337
9127
6681
4528
9117
-8193
376
4044
-2217
8106
-462
-5951
-4575
4352
3794
3622
7923
-2484
2964
-1059
2492
3189
-1190
-2891
4959
1453
-5540
-842
-6
-5062
8688
6074
1780
-5982
-8032
2422
-6922
-6268
-7373
-518
8691
3078
-4514
1215
3388
-1528
-6894
7059
6595
584
528
-1642
-2995
-2327
5905
-4231
-1077
-22
1788
4672
630
-8005
-3952
2897
-2970
-8823
3986
-6558
-4223
8942
2440
7907
7478
9901
5021
-1951
3884
-7930
4996
-1305
-8884
-9788
7444
-9473
5654
8537
5691
6721
-5708
-5506
6249
-2870
-6037
7737
-1623
-5641
-2132
6712
-655
1578
5021
-2004
-5285
8127
-7860
-9132
960
2904
1273
9022
-9000
5799
-3179
7673
-9160
-8061
6330
-7967
-9571
-9933
-3149
9658
9396
1151
-7562
-8995
2948
-7232
-2088
-8968
-1529
4406
5624
-1371
2879
-2077
7236
-2675
1058
-6074
7744
-7388
-7180
-623
-7617
-8652
-338
-6289
4091
2292
8499
9250
-7502
6847
-8971
-1131
-5556
-5418
-4230
183
1594
9915
-5895
5387
-7500
-8303
-4566
3262
-1256
6172
-5322
-4169
-5328
8055
5435
-2443
-9987
7276
7162
7403
-8942
3840
-7010
251
-7058
5925
9833
-6442
3817
-4793
1494
-9002
8455
7257
-5207
6190
8337
-2786
-6064
-5803
3252
-5234
-9591
879
-8236
307
-7972
7614
2105
7701
2034
849
2349
4616
910
-2410
-4619
3666
4706
1396
-3547
7252
1678
-8004
2560
-9684
9712
3274
-6994
9857
4728
3298
-4381
-5869
-702
8926
7172
-7061
5108
-2574
7021
-3150
4096
3576
-8094
337
-9919
-9828
2171
-4034
213
-7601
706
-3666
-7147
8620
1994
6332
535
1792
-2016
-1571
9695
7891
3672
8324
8558
6289
4683
3171
-736
386
2640
-629
-7572
4548
3999
-9692
-3004
-1015
-8887
3380
3810
5617
-5789
4727
-3753
8807
7109
-5073
2124
-9429
3250
2030
-6512
-3328
-2236
6227
3104
2420
1448
6413
-5164
8124
-7445
9842
-8165
-6515
7172
1281
-717
-9950
8669
-800
9782
2121
-6001
-5337
-4545
7880
4638
-317
-6253
-644
9106
1767
-2685
2616
-5233
-3059
-4105
-2500
-2490
-5858
-7823
-7206
3654
1489
-7093
2143
7241
9170
-7224
4392
3933
-2391
-3012
-60
-8290
-6232
1232
271
-6759
4229
-9111
-4387
9143
3363
-2179
197
9958
5184
1392
7144
-5572
-7141
-5531
9317
-3017
1346
2244
-6961
4992
2714
8913
1682
-3146
-9589
3085
6468
-4329
644
9980
6490
-6155
5114
7061
-4278
9792
3070
2942
-5582
-5432
-8934
1498
2259
-9623
1930
-8372
7590
-1611
5569
9295
-8834
-7517
-2569
-2919
-8041
-6921
252
6
7866
7277
-1009
7059
369
1379
-3770
4267
8764
-5512
5112
-7221
6711
3632
-5898
-4523
7202
-2480
2933
-7200
-8654
-1977
-5692
4661
-8616
-1975
711
-3644
-6219
2504
9289
7042
5867
4223
3044
-5410
9030
1172
-5289
-1976
179
-4011
2338
2714
-3622
-9923
-303
-127
-902
364
2448
-652
-5356
-7992
8609
-4802
-695
-9007
-7256
2882
577
-5749
8627
3329
-4808
-7872
-5489
6280
1135
-902
-3614
-9910
9106
9256
5832
5381
-5635
-3349
-5641
8592
8644
9996
-7012
-4089
8014
-6279
3208
-5879
2483
-121
9280
-2411
9403
8726
9528
9654
-3964
-5693
2044
-8821
3067
8705
-8851
-1735
-9010
4120
6634
2372
5193
7989
6769
-5323
6461
261
9179
-6817
7344
1006
526
5963
4481
7671
5124
5815
5061
-5766
3298
6581
8492
5633
-2372
1645
-2943
6766
-3999
-7890
5434
299
6610
5560
-5797
2602
-5727
-4676
651
-7320
-5012
-6620
-238
-659
3372
7459
9686
-3793
6138
431
-855
1844
-2145
3480
1766
-4596
-7668
-4201
9687
-8756
-330
-1434
3073
9901
-7636
7807
-968
-2363
5373
4463
-523
2997
-5884
8735
-2092
1298
2421
3290
-2655
-1804
1357
-8495
4470
-7769
6115
6406
7821
-2093
-6580
-5105
-8432
755
-8714
-5908
3353
7886
1551
8169
3998
-1461
9795
4448
-6647
8885
-3642
6865
-1369
245
-4884
9474
2830
-7776
-113
7883
-2473
-9153
5261
-3540
3025
13
-7167
7166
-1044
1944
580
-3222
-7226
-6306
-7815
5687
8428
2113
-6828
1832
6084
2744
-752
-8508
1042
-1819
-4753
-1781
-2978
-80
273
5704
4457
-4221
-6136
-6046
-9883
1645
9252
-6465
-887
-5113
-2970
1640
-6052
-5711
-147
7384
2233
-7494
1200
9660
7539
-5101
-5309
1011
1698
-9467
-7326
8479
-5540
6115
-3722
-9676
9608
875
3746
-3656
5147
7605
3468
8551
-3089
4470
-1708
289
1365
-4732
-2499
-850
4294
-4995
5289
-6423
9762
-1394
-6894
5647
-1420
-4039
2852
-7492
-5205
679
962
-7294
5079
3785
4241
1479
1664
941
-8748
7367
-9279
-9414
5349
-8355
-1104
-9979
-9429
4762
3359
2437
7600
-5657
-6713
5692
9936
2593
-7164
-8986
-7217
5155
2018
925
7069
-2603
383
-900
856
-8663
-9104
-5984
9247
-6988
-7958
8941
-351
7523
-4879
3824
6799
9712
620
1020
3490
6357
-7279
-4943
-1547
-5501
7416
1972
-7206
670
14
495
-9899
-9831
2208
1533
5789
-8465
-5566
338
5444
-3683
6659
-2923
-6575
296
-2875
-8462
4324
-1146
2492
2027
-1473
2891
-1063
5904
9097
-7304
-3616
-6553
652
9183
9361
-4222
-9987
2494
3637
4642
1764
7605
-7396
7355
-7037
8150
5452
5121
9941
8239
7491
237
4601
6262
2990
8147
-8080
-872
-6250
-3724
-9924
3383
-7122
5383
-3059
2316
6177
7531
6332
1416
8090
-2383
-3783
5701
2173
4581
-3936
-9248
2878
-8733
-1407
9561
-2278
9277
-2993
4289
8842
-1263
-2915
-6685
7592
3181
-2343
5211
5385
-1874
-3125
7393
6141
-6904
-64
1563
6728
4817
4717
7607
2370
799
2901
7012
-6210
-2398
-9445
9955
-4505
-3758
-9790
6191
1259
-3353
-6773
-3758
2582
6439
9109
-831
3486
6873
-5378
8162
-6945
9216
3883
2454
-6067
4529
-3136
3619
-9171
4399
-8255
-5939
2704
-640
-1795
3410
384
-5303
936
8987
-8193
-4336
8355
6074
2413
9746
6057
-259
5781
-7173
-7781
8106
834
1394
5647
4093
-4613
-4299
-4623
2673
-9300
-5789
8251
5231
673
-5592
5345
-4715
8334
8622
4759
-3773
8635
2301
-5597
-3031
-5250
5264
-5699
-905
-6919
-7275
-3508
4967
-5659
-2687
6586
2721
8071
9008
-829
-254
288
4646
8143
-3117
-6798
-7987
-317
1233
-2725
-1875
4294
2882
-6443
-5397
-8564
7995
7282
7757
4559
7097
9762
-3709
4507
-2523
-7504
-2319
-7435
-8198
9717
5715
7632
-4024
477
-6250
-5531
7746
434
6864
9383
-2096
3709
-7099
5479
-7228
5961
-4063
-9470
5284
-164
2063
-9192
-7148
-8201
6892
-7225
-6074
-2219
3039
2932
2345
-4921
7377
-3127
6828
111
3318
1907
3456
9382
4563
2570
9040
-9609
9687
6830
-2589
-982
9761
-7001
-85
-4909
6951
4892
6373
4628
1656
6972
4238
-976
9844
-1058
7542
-2239
-6552
9527
-3102
6281
-3971
-3464
3917
5760
3905
5638
7648
-6263
-5163
6875
-3515
-8008
-6836
-6092
5186
-5388
-4411
988
-4973
6273
4782
-7184
8633
-2872
-9162
415
-710
-4470
7934
9546
3357
-5545
-6030
4291
8810
9345
5254
-2906
-971
-9478
8080
9088
-1950
-6486
-5078
8018
6486
-633
-7216
-2627
-435
-6165
2042
-2587
9506
-473
5080
-8254
-6258
8995
-2436
-9903
1584
-6259
-2494
9742
-8214
8402
-2221
-4371
-8042
-1130
8833
3217
-593
4187
-6778
-7820
-1734
7738
5882
8770
-1010
-8340
2776
-2484
180
-297
-7499
1380
7001
-6167
-2046
2859
2380
5633
-8609
6660
4336
-1886
-9991
-9048
-1088
-6587
7509
-5497
-3607
6975
-6599
7487
4384
-8043
-6512
-4492
2804
1127
1996
5137
5819
6394
-4260
-4844
7557
3113
-1103
2908
-8053
3372
-3372
-4604
-5851
-678
2172
-2272
1193
2163
1021
3565
4589
-3231
4218
9743
-4009
-8756
863
-1704
2607
-5930
2323
-9946
-578
-3635
-2486
-9417
-23
-2445
-914
-1063
835
-7099
-6028
-1608
7612
9968
902
-7516
-115
-1098
-6874
-2398
-1132
7854
7045
-3607
-7253
-618
-3138
-7678
-1474
6082
1241
-4634
8577
3350
4822
7319
-48
3796
1066
8269
-6891
3156
-2363
9207
1494
8646
2786
-2949
9004
4922
1586
-3924
6379
-507
8742
8187
3123
-3077
-7619
8046
-999
-1208
3570
-5822
9370
1408
1969
1513
7658
5057
9637
-4688
6185
6133
-3872
-4592
680
-5229
-3940
-193
4508
6315
-1385
3974
5510
-485
6008
-4821
-7893
1821
-2389
-5923
-4342
4014
-9823
289
1643
2568
-7118
-3185
-4546
7982
3931
-1034
-8190
2617
-9232
-360
-8820
-9290
-7458
-493
-7555
-4603
1479
3848
5384
3800
-8857
-3824
-64
7751
6804
8762
5792
8901
3342
624
-1388
-381
-6741
-2667
1134
-5349
-6116
-5808
3935
-3306
1176
2869
-3855
6870
-684
-2222
-176
-9838
6916
-2823
5579
-1534
2149
8379
-5996
2723
765
8221
9664
4723
-1234
5512
9193
6319
-2983
-3262
-2995
-8106
-440
8366
7077
3147
9973
-1941
3481
-3555
-5309
-1320
-2392
-6877
-6515
5012
-1656
4719
-3973
-8680
71
8544
1361
-6949
-5588
5748
-3490
-623
3629
-2335
5498
583
2646
-9921
3609
-6667
355
-8944
6261
-4885
5592
93
-8046
8468
-4233
-5146
1757
2836
-8424
-2650
5350
-2871
-274
671
6625
-3739
-9883
-6002
-4659
-3032
-7962
-8177
-4714
3258
8738
9381
5037
6449
-4327
3682
7983
1212
5725
-8885
5694
1509
-2673
-7186
5037
4585
3202
-6648
997
-2820
1917
-7317
1139
-7449
3555
-1545
-2572
9952
2691
2626
-6789
-4755
-9924
1304
8253
-6519
765
9304
4805
986
8395
-5741
6225
8345
-6061
-8980
837
-1663
-6460
-2182
1507
5803
5813
2354
1449
189
-5364
3799
-3926
-5804
-3457
9308
-9338
2721
6492
2405
-9654
-9318
2144
6802
-2918
-2312
-7486
-7071
201
9630
5534
-4425
10000
-67
7057
6906
-9782
6039
4348
-8032
-2454
-7769
-5015
8418
1144
-7421
8156
2255
-4935
3665
4425
-404
9573
9795
2378
6272
8916
7484
-555
6382
7079
-2233
1497
1872
7046
-5256
-4477
292
-8847
3460
-2758
2660
4487
-4055
-757
-691
-2869
-7585
-9023
-4034
-9636
8353
-5073
-5398
-7680
-9010
6296
-546
-1481
-8921
-1892
-6234
-1112
6635
-6880
-1715
-4083
-88
-9100
-6175
8174
-3756
2601
-5756
-3774
-419
-2265
-8505
-8550
-1585
6065
-1046
-8943
4956
-2983
8307
-1976
783
-3989
-4848
4266
-4673
-1795
-1613
-7670
6177
9934
783
9883
-7655
-8014
9651
3310
7917
-9889
2780
-3741
2218
4283
-4773
-7173
-6935
8778
5329
-5448
-131
3478
7825
-3257
6400
7798
-32
8988
1547
4370
-470
-8927
1441
-5906
-7201
5562
919
-5388
-517
-1267
6677
-4549
-9214
-7813
2936
-1891
3398
-3786
3930
6167
-1916
8852
-8504
9014
4974
8921
-4473
-5426
3408
-66
-244
2181
7163
-6764
-7307
6031
-2818
5273
432
-2714
-7009
379
1775
7644
2645
-359
-177
7493
9660
-8621
-2905
6384
2677
7291
2570
3773
-9136
-6945
-1369
-6727
9151
9716
8121
4258
1023
-4538
2226
3094
-5068
-8409
777
5544
8203
3942
6066
-9973
427
8835
7083
298
6223
-1359
2893
-571
5705
7829
-2099
7572
736
2158
7929
-1839
5553
3443
8125
143
-1596
-5134
716
-824
-193
-68
8632
-9298
-7664
-9702
-1152
-7696
-7143
1804
-9050
8025
2805
-1995
-9796
4100
2125
-7676
-2841
-9133
-56
2860
6726
-4861
-2098
-5478
707
5244
4549
1274
-7223
-4499
-1699
-582
-8467
-5105
-4169
8664
833
-74
-7899
573
-4456
-6897
1808
3355
-5737
3610
-6285
-6347
816
3198
297
9739
-1691
2404
-5147
-7812
-7030
-8310
-606
7293
9494
-1654
-5752
25
810
-555
-2349
-3078
3950
5024
-417
3211
-520
-6384
430
-3828
-8243
5653
-5286
5158
9316
-1911
-5074
6137
-324
-7758
284
-1721
-851
-4829
-4742
-4154
-9552
-4958
-9459
-7479
3104
5801
-4625
840
-9449
6809
-3259
4545
-4796
8332
5113
8351
3955
-341
9043
-3137
-3674
-7511
2245
1676
-2683
-262
3088
-419
-2522
2902
9708
-8554
9118
-3416
-8035
-931
6244
581
1772
-1496
-5946
-1116
872
6482
7105
8541
2302
204
-6894
-8843
-3038
-9257
-84
1737
-9745
9784
-2662
-673
63
-4663
8457
3572
-3982
-2216
-3199
1970
-1157
2453
-4829
-9558
-5881
9804
-8115
-4482
2167
9158
3795
1896
-5186
8834
4598
6281
-7631
1750
-4249
-4999
6094
7368
-842
71
3613
-1578
-56
8389
-7918
5077
-9922
4684
2836
-818
9000
-9834
-4438
-4924
-3431
441
1992
9905
1304
7606
-2030
2918
-7186
4048
-9617
-6537
9557
822
-5054
-3508
9850
6982
-4883
5413
-3599
7554
9847
-2676
-7037
1986
-150
301
-5032
-641
7095
-4337
6551
5486
-5268
-3118
8925
-9263
9657
6044
-4123
4967
356
9824
-2585
-2064
-3731
-7925
1600
-516
1191
-7162
6370
-6171
1123
8351
-3641
-7398
4436
-8172
-3149
2386
-6785
-1408
6921
3080
-7862
-4154
3290
-1520
-9066
756
8168
-601
5338
-8674
8329
1045
3780
-7605
6820
9684
5033
2317
-7235
-7672
8729
8750
-131
-8405
5268
1132
1112
-6488
-1580
-4124
-4023
6681
-2680
1240
-2382
-3065
7559
6595
-1806
8502
-1040
680
4775
4432
-2381
-2029
-7518
-4078
3867
-671
-1443
-2985
-3579
-9821
7997
-2683
-3960
-4420
-1938
-7471
7804
-9140
-9499
3321
-8094
-8277
9986
-9203
-2738
-6416
826
5758
-6766
-9558
-3516
-1344
-1155
-7947
-9417
-3787
-1747
6500
-7672
1439
-1254
861
2889
-1109
3629
-834
-2269
9514
1035
-6342
9619
7912
7996
-5540
-366
-260
-4880
7951
-2610
-2921
4812
-8085
-5364
-1884
-9184
-2473
-2891
4516
5415
-3706
-1760
-6028
5489
-2211
-9354
5713
6310
1834
8059
1481
390
1219
-6794
-4017
-1056
3014
-6771
9210
-2063
1940
2029
-6691
3199
6954
-8644
9699
-3756
3255
7789
-7568
-4184
4403
-4912
6507
8849
1009
-5696
-8949
-2598
-1765
6327
-4175
7581
9848
-1259
-6021
-6129
4616
7601
-5412
9507
-7134
-7496
-5003
3022
3843
4156
4855
7295
8100
-5287
-9860
4161
5831
3000
-6731
-503
2791
3039
-7808
-3251
-4641
2268
5077
-7767
7965
7455
9536
3373
6360
-1026
2454
8602
8964
6862
7555
6684
654
-2929
-5191
9972
-2103
-7290
-1486
3481
-5253
-7892
4205
4522
-6163
-110
3179
-3085
-4281
-3553
-5071
-57
-6276
-9281
6592
975
-1969
-9684
885
7088
-353
-2464
-9635
1245
-2198
1154
-1196
493
-4368
-4492
2972
-7260
3364
-4254
275
7479
6645
6751
8061
4423
-7610
3603
-6821
-5017
-2133
9439
-446
8814
-9560
121
7606
8541
7405
1134
729
5027
-1487
-245
-4608
8343
-331
1454
8053
-6305
2645
9425
-4169
7475
6775
2486
-6202
3703
-8418
8008
3283
-5139
9782
-4891
1350
425
9474
-8074
5658
-5995
2437
9385
6131
-8736
-1124
-8831
240
9499
-4887
8619
-5498
-7632
-8435
3405
-9436
-4471
9956
702
-9014
1873
4517
-7030
3230
1353
-9991
4077
-5432
3213
-6915
2707
3354
4346
-5787
4695
5953
-3443
3814
-377
5847
-3568
9644
2427
7900
4189
-4734
3639
-8894
1141
-3314
-6323
-6272
-8702
-8557
3353
1038
811
-2114
1848
8951
5377
2027
6911
5978
4196
8599
-4119
-4783
-725
9556
-2274
-5690
-4029
-4979
-7956
-8845
-4184
-323
4145
3919
-690
1950
4926
-947
-7069
7798
5013
402
-5215
-1563
8591
-526
362
4146
-1259
7130
-2880
-5851
399
4765
-1988
-7005
8452
-9961
-5220
9122
-379
-5005
-4818
-5354
2918
7832
-7810
-4779
7684
-7184
2839
1030
3680
-3108
4684
4129
3331
-5195
-5291
-5139
-5872
4184
-281
-5452
4938
4784
-2337
1396
-7200
-9508
-255
-7156
6429
-5194
2569
-3211
-6753
1898
-9017
-9012
4017
1687
7126
9905
-7696
-5382
-5486
3716
5814
-8284
-3382
-4531
-7935
-5043
3816
7606
-1340
2829
1743
-2346
-6743
-7261
-5081
6434
576
-6697
2322
575
1148
-5071
5406
-8082
600
-2582
8926
6875
-7117
5291
5177
-1297
-1867
-1926
5037
4928
-5485
-5020
-5834
-7155
847
6370
7520
-8036
4281
-7003
3861
-5819
-7685
-8360
-7253
8340
3275
4599
-7535
4037
3203
3721
2758
6319
-1736
8498
-5358
-7090
2033
-4776
1217
-3965
8523
-7920
-7949
8641
-5463
-8927
1665
-7711
-9052
190
-2161
-5493
8832
9215
-4136
3950
-9193
-2527
4372
71
3467
-3087
-542
106
-3884
-6360
2039
2826
-6775
3665
3190
-3179
-6741
6891
-485
5690
-8953
-1125
5224
6454
-5254
4993
-8082
624
-6793
8167
5611
-465
9423
-5895
7454
-3125
-5575
1870
1773
-6880
6073
2999
-6107
1379
1749
616
636
-2050
-382
-8348
-5351
-57
2445
-3742
2835
-812
-4561
-2332
3202
-5615
7883
-828
5326
1677
-7422
4464
-892
1178
9020
-8777
9625
9247
-7884
5538
8861
-4873
5305
5976
-4105
-1779
-2710
6639
-4387
-7907
-4264
326
-269
-6294
-4105
1633
4616
-246
-6523
-990
-895
-5955
1872
-7083
-6320
-9535
8887
-9211
2758
9765
-3706
-1299
-6210
8798
4569
-3552
-3965
-2352
3723
-4526
6731
-7393
-8773
6842
-5844
-2820
-4057
7731
6904
6441
8741
7774
3540
-4167
9085
-8075
-2665
-4606
-5302
-7015
-917
-5870
9381
-6001
-6725
1008
7360
2291
-3662
-6992
-3807
-9637
4704
1336
8459
5033
2930
-102
-4984
-7986
7796
3314
-7643
8705
-9930
7569
-4420
5536
380
-50
9722
7551
-1370
9849
6197
8558
-9286
-1621
94
-9429
-4128
9407
-9178
1888
-9863
-6997
9444
7512
5014
-57
4761
-2118
1707
-1939
6234
4207
-4291
-3542
-5198
2430
-9456
2719
431
5334
7689
-690
-7291
2233
-4685
-3773
6316
383
-3156
-4739
-1812
2353
-1903
-648
-194
7446
-1002
3155
3299
-1752
-448
2225
-6767
-7186
-669
-3955
7569
-603
2953
3403
-9680
4966
-4525
-840
-3894
-4790
-2991
5518
3931
9013
-3854
7637
-1712
-1515
-3415
-1287
7421
-2101
-9429
-7705
1272
3541
-9368
-5765
7837
-2598
-3382
-3949
-2276
6403
3199
7348
7037
-4633
-2857
9683
-1008
1630
3612
-6459
3068
2158
-6848
1012
-1966
8641
8520
-185
6231
2361
-8375
-4345
-6048
8534
2473
-9427
169
3728
832
-2765
-1612
-1621
3482
-5
-1644
-4845
-1745
-8532
8006
5383
-1601
-1017
5280
2073
8084
-9685
-7290
6634
6646
-2902
5296
-5669
1327
-6998
8871
-628
-7647
7784
925
9090
2800
-5992
3213
4424
-7514
-9745
3470
-1243
-4675
-1091
764
7944
8461
-4924
9125
7266
8949
-1270
9880
-7165
7246
-6798
-2580
-1826
7527
-8551
-983
-4057
-2194
2602
-7352
2346
9309
8178
-5091
6096
-8264
-2796
-5945
5637
5127
-8738
1263
-2245
3468
-9751
-5279
-7740
-8343
-1400
-3795
-4152
3014
6214
-582
-3157
5877
-3689
6177
2312
2706
-1986
2271
5296
-4750
8142
3301
6608
-9367
7742
-8506
-898
-1149
3642
-7304
-5757
2822
-2640
6330
5768
-1937
3739
-8290
7716
-3217
-7144
-4992
7985
9405
-4006
5860
9244
-8660
-5837
-8269
-9206
9740
9866
