X Y
3,7256898 8,5883282
4,0160143 7,7228225
7,637757 24,7527204
3,1618061 9,5415041
3,1753069 7,7810461
3,2053081 8,7299926
7,9498124 22,8287527
7,4242386 24,3724011
6,5863385 24,02663
6,7230881 23,4236894
2,963536 9,2561576
6,992254 25,4468478
7,8121407 25,6336917
6,9271184 24,5688473
7,2839244 25,1194413
4,4278969 9,2010506
7,5113376 25,0401048
2,5968626 8,1914043
3,6578574 7,5143132
6,2092954 25,903809
7,7858442 22,7872234
8,0469723 24,8414402
6,5940253 24,7173253
7,5376305 24,0382599
2,5287964 9,5782402
7,8057795 24,9946525
3,5558735 8,7118385
7,949306 23,4736526
4,0449197 8,5740253
6,9689647 23,6117546
3,4047334 8,3039039
6,5537924 22,5237814
4,2483119 9,4084051
2,6224777 7,0874019
5,5633011 24,8414659
5,835846 25,5339223
3,2275734 8,5475446
6,5515277 25,0879019
6,4803853 23,4148679
3,4094526 8,6580008
4,0542102 8,210546
7,805693 22,7733118
5,7274554 23,2253248
7,9149974 24,2470774
3,1890359 8,3016494
2,7827862 8,4473791
4,752862 10,0395037
6,7365287 24,2691601
4,1535142 6,7931355
6,3945744 24,9155468
8,2069564 24,3975584
7,317651 23,6219605
4,4992905 6,7952984
4,024693 7,1642255
3,7817669 9,2526357
4,0682491 8,5155756
4,5086343 7,2963469
7,101533 24,213276
4,6967565 9,852702
5,6830402 23,6996624
3,4042581 8,2710481
3,2489696 7,5145614
6,341886 24,2069836
4,5215315 7,8766658
3,5755463 8,7321706
3,833794 8,3777848
7,0133718 23,8737938
3,869836 8,0282315
3,5205126 8,2953429
4,0950178 9,867195
2,2604684 9,0667787
4,1736604 7,5155839
4,5865503 9,6864734
4,1151046 8,7903103
4,082416 8,1748922
6,4466234 23,7458532
3,1675775 7,7378861
7,2114658 23,7954518
7,705995 25,8607922
3,5107068 10,0668576
3,4252746 7,2138299
2,9453558 7,0560508
6,9463683 23,7303762
4,2641559 8,5204912
7,1223328 23,8105912
3,4227972 10,1933281
3,062875 8,0892588
3,4924681 8,5159221
7,9329548 24,5591959
6,9715169 23,3619229
6,9743361 24,0775647
4,0828855 8,0709291
7,5485902 23,653095
7,9078848 23,8749568
8,8178248 23,151713
6,5819721 22,6515579
3,9271097 8,3731046
7,6832377 22,3352307
8,1992417 24,2704228
4,1471074 9,5105543
7,4209863 25,1586022
8,189076 22,8434778
7,7263804 23,3904785
3,8920616 7,9795914
7,8980858 23,5337367
6,4976545 23,1299575
4,1715941 8,2659096
3,6043797 7,2715621
6,2852063 23,6627719
3,2038193 7,0149141
7,9340321 24,4095721
3,4393321 8,0608785
6,8581771 24,1341075
5,8989616 22,1331123
5,8399456 26,1102187
7,6128089 23,8918169
4,2566594 8,1659778
2,5941832 9,0619657
4,5322224 9,7432185
7,034322 23,9655926
3,9119802 7,9034807
6,4680963 22,8205052
2,5331865 7,4971516
6,5768557 23,1843541
6,183044 24,3404048
3,956844 7,7737282
6,7324574 23,5114906
7,0531255 23,9250336
6,8258662 23,5716476
7,0243672 25,2938718
4,1733355 8,0640154
7,2419289 24,6122462
3,8910962 9,1249961
7,420561 24,147301
7,5284049 24,451736
6,7656133 25,1334067
7,4065029 24,9967096
3,629326 7,2638219
8,4520685 23,7712271
7,8859445 23,8018774
2,9573643 8,0233528
7,7018724 23,9019339
3,646085 8,281527
5,3843326 23,4310675
7,7862582 24,8018475
3,3040995 8,3897507
4,3119609 7,9766406
7,7603457 24,9284423
4,0166068 9,5357627
3,07567 7,9159564
7,0461156 24,3260876
6,9347488 24,3243738
3,9018769 8,6099775
3,6513655 8,2587813
6,8309143 23,4936609
7,1898857 23,4374466
3,9329698 7,7230277
4,6262422 7,2528167
7,255352 24,3272016
3,5969699 8,9295099
8,6685053 24,7885314
4,1476658 9,365241
3,5367681 8,432492
6,6028972 25,1567584
5,048119 7,9159828
4,5626124 9,0929307
5,9995638 23,8281666
7,5052341 23,3562248
3,8189999 8,1393261
6,9749182 22,9644652
8,0743169 24,5695003
3,0606778 8,9634595
7,3208197 23,8151398
7,6715682 24,5049768
4,5447269 7,9585149
4,2908948 7,4742318
7,2426087 23,2549424
3,5149599 10,1212903
7,7867362 23,8903926
3,1939651 9,1812728
7,2731706 23,5440481
6,8252218 23,9952933
3,0331865 8,6326094
3,6067521 9,809634
7,9321855 25,0037155
6,5959003 24,1326345
3,3379483 8,8955097
6,9835791 24,0277226
3,2117508 6,6850504
3,8450964 9,1852988
3,6614784 7,9383057
4,1952445 8,2583139
6,6465589 24,6116385
2,8352877 8,9147452
7,0153854 25,0027576
7,270169 25,5549414
6,940859 25,9002298
5,9876604 23,3344817
6,9805988 22,9712617
6,4991263 25,7421078
7,3844856 25,2689258
3,3399032 9,4051635
6,705032 23,8075229
6,8412978 22,9698367
2,9808343 9,2379578
3,3178758 6,9960302
7,6170265 21,9175525
7,0541856 24,0926065
4,1486385 7,7883299
7,7844859 24,0517943
2,601859 8,2448566
8,0758417 22,5725094
7,1162362 25,3704824
3,5088314 8,0763027
5,8651935 23,1056077
