X Y
6,5858502 26,2361866
7,6187995 26,995786
7,4233975 25,6260274
6,3207346 26,0953122
7,3025301 26,1673158
7,5278726 28,4088192
7,3218624 25,8288518
16,4851401 31,253812
6,9159062 26,7002142
6,6164174 26,2488125
22,6892705 28,0359187
16,9646109 32,8808724
8,4873696 27,5606168
7,1851203 27,9166324
16,6614808 31,8525509
6,7620132 27,6300825
6,5035523 27,4052258
7,9086632 27,363904
8,5784393 26,1697014
6,9421366 27,4713518
6,6989587 25,719536
6,8956396 27,1561858
8,0919491 26,845904
15,9966088 32,4739973
8,3955591 25,9674345
22,8138133 29,2481654
7,0197217 26,409386
21,7196796 28,8552812
7,6076179 26,2055489
7,0660778 27,6192813
7,8279963 26,6984683
6,9373809 26,4068056
6,7445747 26,0324588
16,5327032 31,8779264
15,7091619 30,8555209
7,2067197 26,4654032
16,4152166 32,5148477
7,7150189 26,2420443
6,1372755 27,3573557
7,3932791 26,4439372
7,8434196 26,1041815
20,8815068 29,6586531
6,7523472 26,9448645
6,9230318 26,2319383
18,1197084 32,0104202
6,0485534 26,1139564
7,1273358 26,7886511
6,9997897 26,0934386
6,791396 26,2517727
8,0507809 25,8445218
17,1480154 32,078049
23,3679666 27,8345159
7,0424274 26,3447637
7,9176841 27,2829638
8,4056474 26,4803516
17,7948825 32,683645
17,1867331 30,7196788
8,2752479 26,9617698
7,1313122 26,4491366
6,7149244 25,5889989
7,2558829 27,5076084
16,3467741 32,0912692
21,7105814 28,8280054
18,2913295 32,5466979
17,051427 31,8674526
7,4814892 26,5555071
17,1079052 31,2580379
-12,4420259 43,7692988
6,8498413 26,2997434
7,5446856 26,7766711
15,733768 31,4494442
7,587544 27,7592333
6,4767894 26,0045968
8,2575528 27,2172457
21,629345 29,1261423
7,3824413 26,7016576
16,991923 31,519067
17,1937995 31,1179491
6,7416253 26,2216407
7,6731954 26,4290584
6,6317311 25,7957317
7,5767692 26,3341838
21,9724371 28,5691026
7,6667689 26,4775505
6,6933741 25,6395073
17,3184176 32,134571
16,8386666 31,019922
7,5572756 25,7434065
22,5241877 28,9835265
8,1591367 26,3609181
22,6873165 29,2220663
22,1359706 28,344834
6,7074413 28,084977
17,8274373 32,1270493
7,0886058 25,7910054
16,6267623 31,6472561
6,4062372 25,9866984
17,9307206 30,4955308
7,4039097 26,9368484
7,6724854 26,0786578
21,2265511 29,0024149
6,2848595 26,048224
7,7876382 24,3782193
6,2693888 25,8978549
7,0002465 27,396231
17,0329042 31,8897135
6,8433468 26,8305408
7,3673889 27,5200514
23,2392334 28,9592618
7,0009993 25,6929985
7,7259234 25,3593047
7,5714395 26,1620604
17,4723739 31,4768308
7,3040494 25,8830298
22,8018715 28,9646681
7,4609169 26,8807862
7,2088317 27,538671
6,4993382 27,3341716
17,6210577 31,9507959
6,1257016 27,1723269
7,1467882 27,5270109
7,0053879 26,1276005
5,5932515 25,7025529
22,6129729 28,4754614
6,5715669 26,2405608
7,3352027 26,9544586
6,1436367 25,2201751
6,6384712 26,8252163
6,3282726 25,3902863
7,6493584 28,2659216
22,6973111 28,7072583
6,3113517 27,2511778
17,1186679 31,8819628
7,4795853 25,8362234
17,2368196 32,4411972
6,8896411 26,7971848
7,6891854 25,9661084
22,4345679 28,8315512
16,8808343 30,8059076
6,3379935 24,9311729
16,6398967 30,5207618
22,0771578 28,5277063
8,1465456 27,2455168
17,2976142 31,5765047
22,8757401 28,9494221
6,5639569 25,2233054
6,8116703 26,8297311
7,7221802 25,8821704
7,6032314 27,4185993
16,4387074 31,8761096
6,7362517 24,8147638
6,9789987 26,2130097
39,3679666 48,7692988
15,2018154 30,8662166
21,2222268 28,729248
16,6801831 31,5632017
16,6774792 32,009658
6,6731248 27,4555734
21,962205 28,4995676
22,563951 27,4450394
17,2680398 32,5781267
17,4941816 31,4012199
7,5609201 27,1384711
18,2551341 32,3600889
6,7973709 27,2525359
22,1529783 28,820322
7,4037113 26,9198912
8,0694805 27,2555876
6,3424331 26,5771617
7,5214085 26,0051549
7,1863946 26,1235239
6,5201163 28,1884892
16,3095755 31,8021601
6,7624785 25,9466285
21,2143603 30,7485621
6,5058451 24,453029
17,1389328 31,2013797
23,2969022 28,8968431
7,2790593 27,5994987
6,8694488 27,2798679
16,5391281 32,5030287
16,9674673 32,0009858
16,7630103 31,4248157
16,9605919 30,5182139
17,4096955 32,0385391
5,5579741 26,3630086
7,4842335 25,8777037
8,6772983 27,1176949
16,8897466 30,6783052
7,3061823 26,397585
6,5908985 25,5710315
16,7399201 30,531224
22,098462 28,9852328
17,0083006 31,4802974
17,8082814 31,2167965
6,7995664 26,695031
7,6051137 26,8714909
16,7240401 31,1865945
16,993709 31,636538
6,1917022 26,8512905
6,5687335 25,608451
6,5353909 25,3678102
7,8157819 26,6252111
7,2400551 25,9350077
7,4616019 26,1942521
7,1388191 26,5557487
21,3293769 28,2256426
7,1184134 27,3764789
7,1404427 27,2302236
22,9128413 28,6419703
16,7887844 31,7696759
7,5411685 27,1573851
16,960671 30,8558378
7,4738637 25,4894961
16,6890654 32,0933487
21,9575094 28,9897708
6,7598725 27,3243416
7,6990134 27,2241582
6,2806669 25,3809909
6,2927188 26,0866843
21,4284662 28,9107863
7,3828338 25,3427186
17,6110391 32,974102
7,0116033 26,1062246
15,7342456 30,8315826
16,3924213 30,8244161
7,3794977 26,2580262
7,4776461 25,804011
22,1447991 28,2942792
7,4586448 26,0471413
7,0564715 26,6394856
16,4378896 32,5603816
7,7356097 27,5567024
7,4681466 24,9809765
7,9341288 25,1908206
21,3335804 30,0484879
22,3875133 29,8363302
16,6848227 31,2485618
23,0666941 28,6578155
7,502943 26,7655912
16,3076593 30,3268976
7,4038821 27,95179
7,6379602 26,8247413
17,9273271 30,8047232
16,7197699 31,7960922
6,9748354 27,460688
7,5340756 25,6253266
16,8266653 32,7085591
22,0879775 29,8538227
8,0595252 26,8391332
16,5323634 31,920609
16,2898512 31,318461
5,8771934 26,0217937
16,7892681 31,9815141
7,4103455 26,1083355
22,0770081 29,2029999
7,3067274 25,3762675
7,6711834 25,3126383
7,4424209 27,3645655
6,6845152 27,7497632
7,3023447 27,1311731
7,4649276 26,5444467
15,7971432 33,1000504
7,7899404 27,605271
8,0908475 26,7135546
7,1523147 25,2747876
17,3037018 30,6443292
7,9231453 27,4077306
7,2413062 25,0240392
6,3940944 26,5783056
-2,2120259 0,0782193
6,9603131 26,3640645
7,7154492 25,6664845
6,7027033 25,7361408
6,3792964 27,467453
17,91058 32,6146167
7,3582751 26,8811756
16,590531 31,1345676
7,1099947 27,0066274
6,6725191 25,5634727
21,8042992 29,2914652
7,278613 26,6817055
7,1518357 26,4890816
17,5179816 31,0449591
6,635207 27,6008717
16,4288102 32,1865998
7,477925 25,5734106
8,1319765 27,8102697
8,007809 27,4483278
7,1255272 26,7089053
7,3552881 28,7409206
7,0673421 26,4007593
6,4960761 25,1157388
6,6714884 26,0201501
6,7563582 27,0037246
7,4361328 26,4193308
21,477297 28,6112559
7,8517512 27,5227162
8,6853841 26,8938924
7,6066237 27,6992496
7,3312362 26,0675794
7,4298879 27,1589036
7,1346634 28,1011735
22,1455178 29,157819
16,8459918 31,0847363
17,4208191 29,9861684
22,0740243 29,3761503
22,3257754 27,7769943
7,5510044 28,0370182
7,0516063 27,6390003
6,8445589 26,1630947
6,7596317 28,2061112
7,7937863 26,0413512
7,8089355 27,3094264
16,3304248 30,7387853
17,4917538 32,5983773
6,8201536 26,0880705
21,836204 29,0351636
17,8045007 32,0492286
7,1596513 26,2201322
17,2455477 32,9007425
17,289429 32,5728646
7,4574901 25,9279137
6,0601909 26,075073
6,2378178 25,8114439
7,0986533 26,9057082
6,9685498 26,2904375
6,5345808 27,0070065
7,3371749 26,359389
22,2755564 28,8646018
6,7925306 26,9376237
17,6749763 30,6645201
7,5192063 25,5211344
7,507223 26,2624828
22,4925384 28,5697732
20,9384312 28,8483002
6,552196 27,2889593
17,9282763 32,2987018
7,7927417 26,5535944
6,6049309 24,7762206
6,9449572 27,5153992
22,9413365 29,4498498
16,3653917 32,7766858
8,0563872 28,9219645
22,1116324 29,7590295
7,7547466 26,7278319
7,5345054 25,6680202
7,2528253 27,5487403
22,324906 28,6682123
16,4252521 31,2154927
7,6776976 25,6068199
16,7719834 31,8884535
20,4858992 29,9117817
8,0466723 26,5694868
8,1863313 27,3553433
7,3480862 26,987705
7,2413693 25,5453848
7,3243476 25,8637826
16,7038409 32,1288504
7,8361794 27,1853269
22,335358 28,7691822
7,2175702 26,8239399
7,1473544 27,1228985
7,7850731 28,0960795
8,1506182 27,1491014
21,8868349 28,7669856
5,9156467 26,5044779
7,3807032 27,2939623
16,6910984 31,0172404
7,8575939 25,9982452
22,2757979 27,9957993
17,1417814 30,8680452
16,8257965 31,4084062
7,2550495 25,966576
16,2705063 31,7701686
16,7593566 32,1391523
7,9153631 26,5321632
17,3436702 30,6559927
7,8581189 26,0789241
7,3466346 25,5208786
17,3258465 31,3814815
6,8040462 27,9082928
23,3636683 29,3402819
17,2514574 32,8823639
7,8874362 25,8036662
22,35197 28,9312538
8,4902233 26,2173628
5,7982901 25,9707082
6,9902854 26,228361
6,9029116 25,59748
21,4753387 28,2589228
7,3140666 27,290244
7,1943892 26,1080646
15,6050809 31,1682477
22,6229981 29,4685427
17,437498 32,4547853
7,2816873 27,160293
8,2568445 25,4861935
7,145683 28,6060321
6,6394515 25,9308497
7,4891387 27,2191854
21,8086347 28,8749338
7,668875 28,6334249
22,9708266 27,6838462
6,4409919 26,4002101
6,0486347 26,4962699
17,4045208 31,14181
22,5882548 28,8271904
7,5552428 26,1256698
21,9552991 29,2348516
18,3675185 32,7497264
17,4359542 31,049374
7,090691 27,3473054
17,1950859 31,6229506
21,0282615 29,5580114
16,7144871 30,9619712
8,2705847 28,6210386
7,0874042 26,1690305
21,8074286 29,2504591
7,4993913 24,9578047
6,7183209 26,530861
16,7206468 31,0077472
6,3340859 25,6845979
7,5600298 27,4642255
18,0245634 33,4719785
17,6758157 30,6506842
17,5044856 32,2605602
6,8196355 26,3510342
7,2990392 25,866571
6,3743726 25,668173
17,8623073 32,3547422
17,001357 31,2928648
6,1381931 25,3606272
6,7080664 27,1786292
7,9083238 26,7322623
6,7244741 26,4792997
6,7208642 25,6740311
7,2819254 27,9437065
7,0928685 25,5072229
7,3110655 27,0723657
16,7214621 31,3453433
6,4574921 26,7146587
21,482861 28,6529707
16,8901944 30,7495578
16,9353368 31,7507824
6,3564104 27,0016499
17,0456693 30,4546201
16,8430825 31,829767
18,0797811 31,4803786
7,3441415 26,4965185
7,1366572 26,9942147
7,3054028 26,147559
6,5040664 25,8109237
6,5644319 25,4258349
6,958785 26,3065709
6,9694933 26,251047
7,0770325 26,1450816
16,526822 32,8967055
17,1469614 32,6933084
6,9358592 26,8056278
5,98071 27,7084026
7,2827642 26,2970385
6,5074664 27,825989
22,3435681 29,0455958
22,2920039 28,5818347
7,1455862 26,9549081
7,2144882 26,0944805
7,2065123 26,6500141
16,1319561 31,8208724
7,2878917 25,6448569
6,7409978 26,0215477
16,885462 31,462456
7,5036065 26,1607226
7,3627457 27,423812
8,8657965 26,224922
22,2157278 28,8585778
8,180067 26,9256873
17,5156897 31,6439271
7,4569714 27,3238902
20,9132954 28,4278886
17,1409973 32,4277811
7,0399279 28,2557593
16,4149572 31,408923
7,1278174 27,5023201
6,9118227 26,3374205
7,7956256 25,4481793
7,5289873 26,0024127
7,6067162 26,6818802
17,2896971 33,2699514
7,3432967 26,4760922
21,8902386 29,1390473
7,3150084 25,7535186
7,8695586 26,1683695
17,7712835 32,8534104
7,799151 26,0551774
7,1254163 25,7064921
17,0688865 32,2718682
6,9662607 27,125556
7,597842 27,1203954
6,750341 25,8921209
7,7505879 26,4274277
7,7387585 27,4661387
18,1309661 30,6645578
7,1450784 27,4078137
21,8396961 28,8979087
6,7218605 26,5505284
22,8794663 27,5371933
23,1717443 28,5300256
18,0230949 30,7896125
7,683667 27,3627836
18,1743454 30,9838751
8,0459619 27,3790971
21,8004195 28,9008936
7,3435566 25,9014782
16,007282 31,8340414
6,0186624 27,1513972
7,7013665 26,4151485
6,9792716 26,4632547
6,6539683 25,5055893
8,298932 28,265604
7,2091724 26,1367713
16,508379 32,3676461
7,1724858 27,0584636
7,17853 26,9386886
21,4225618 28,874158
7,4285302 28,1570658
5,9388792 26,2376206
8,1667046 27,593692
8,5496671 27,5341046
7,5906458 26,7265066
6,7452208 27,9687222
7,275861 25,9764966
22,817759 27,6320348
7,0926715 26,0172122
6,9015507 27,8035622
7,1436924 26,8461353
22,0429344 29,0856651
7,8844416 25,9905264
7,218512 25,4751947
6,2955487 27,1310665
7,7958002 26,574385
8,1634119 26,4265364
16,6927477 29,770541
21,8686628 29,8930746
21,643257 28,7400952
7,4538017 26,3178349
7,6873292 25,0999309
7,6377068 26,7281847
7,4935714 25,9651682
6,0960589 25,7186685
8,5128862 28,3054628
7,0333576 27,0762444
6,7124694 25,8826122
16,8543732 31,8086611
6,4065401 27,3767817
17,4877321 32,4293144
17,7277393 31,4141383
6,8822372 26,6816965
7,5238886 26,7020192
17,3050496 31,6342735
6,3975253 25,3725224
7,9842363 26,6426561
22,3681901 26,44802
6,6528751 27,3386496
22,0032208 28,8539998
5,9526576 27,2720136
22,4962733 29,0001838
6,8191648 27,0227273
7,6459975 26,9504015
17,7879917 33,7692988
17,7909006 31,106207
6,7702161 27,0177744
7,0540726 26,8489183
6,5673215 27,0152071
21,5421607 28,6790425
17,5021573 33,2869178
7,86478 26,6856971
7,2719097 24,4399306
6,0701595 26,9345411
7,9684988 27,0366558
17,0129983 30,9545971
7,5594957 27,6550981
17,0364134 32,5195182
22,0844458 27,7226968
16,0734722 31,2205527
6,2665827 26,6671726
6,4616386 26,7074147
16,8238947 32,1012046
7,2703769 26,77702
6,8143434 26,9109191
8,5857515 24,8718303
7,5091393 28,5017659
6,651022 26,131688
22,2249195 28,542995
8,1971712 25,7823815
7,267343 26,873402
6,470949 26,0973464
6,797293 26,2457341
8,2488303 28,4932968
22,2242147 28,3376735
7,4732332 25,95779
6,9881205 26,2216349
7,1675455 26,0450179
8,1581608 27,6948022
18,2755979 30,6900925
15,9068171 32,4231592
5,9158433 26,4835082
17,1115339 31,8544209
7,2237133 27,5568618
6,7326188 26,1325772
7,3297288 26,9930639
7,3289419 27,7734359
16,8839338 32,515474
7,255561 26,1690205
7,1205922 28,8462286
