5,5665831 11,8918025
4,6206776 11,3896014
7,120262 11,7634203
5,5875493 12,1718477
6,2841718 11,9174176
5,5685263 11,4873668
4,86796  11,5632508
4,1772069 20,7473625
4,9179813 12,0842552
4,581111 10,721067
5,8939891 11,5252189
3,112013 21,0477485
3,4036304 21,4257977
5,9883609 11,5487491
4,3241575 12,0544816
4,4782004 11,1855622
3,8869961 10,7839758
3,6804906 21,4335491
3,8474741 12,0283005
3,9285397 20,7155362
3,3934729 21,2638153
5,2914858 10,9372419
7,8249142 10,6613824
4,7500249 11,5242015
2,8554209 20,4047087
5,5346703 20,4783003
3,2748297 20,819098
4,0339336 21,2351713
3,6559042 11,7807084
6,586315 11,6840582
3,8261264 11,9719106
1,5350694 20,9979765
4,9822844 12,0466694
7,17879  11,5162869
3,744775 20,8785812
3,8470037 10,8732523
2,5695776 21,2789648
4,6289161 12,1951137
6,6209543 11,6099846
6,3898178 10,9451192
5,1542998 10,844894
2,4615038 20,9454903
4,3110194 21,0246203
6,5157737 10,8492145
2,3438796 21,2852671
1,5441324 20,8473725
3,9636632 11,8661027
3,5455113 20,8095685
4,6369923 20,2022635
3,0995398 20,3618237
4,7390153 11,1072034
5,7038888 11,5641902
6,688638 11,6552322
2,2037658 21,6050441
3,0925397 20,3998272
6,4964366 11,113557
3,9185014 21,0823341
3,5503069 20,8538382
2,0800044 20,6447004
5,1795865 11,4278234
4,1512094 20,5665984
3,3595248 11,6908256
3,3242646 10,7806806
3,5037679 20,9561425
4,4813742 10,713025
5,4728701 11,7946714
6,4313827 10,8518471
3,8344033 22,0532455
6,5346849 11,7919236
3,7991208 10,8874983
3,428303 21,3826808
5,8411956 12,0079272
3,8493762 11,6656399
4,3070373 12,092929
1,0808762 20,8151513
2,2292126 21,3613995
5,4512314 20,7676854
4,3036978 11,6530926
3,8244265 20,8203814
4,8365895 11,1806616
3,8349284 20,7530061
5,1555442 12,2928426
4,1050016 11,7104996
5,9689993 11,7939877
4,5325955 11,6105429
6,0891111 11,0135254
6,1229922 11,6044219
6,0333639 11,8671678
4,9715493 11,7619837
1,6903155 21,1208055
1,916045 20,5344313
4,1458641 11,4593617
5,6286014 11,0699647
4,3124671 20,3495524
7,4362589 11,8385578
4,0567331 20,0795431
5,3949946 11,1046462
4,2160508 11,021296
4,1244553 20,5898863
7,1878308 11,2820897
4,5955332 21,5144239
5,4699353 11,6379467
2,5059553 19,8200515
6,3010833 11,6268651
3,8421259 20,4390538
6,2936847 11,2597046
6,2463652 11,8595894
4,5514614 12,1702084
4,361887 21,1931435
5,4955474 20,7479193
4,8674973 11,3383708
4,1403422 10,8639452
4,0233166 20,5880357
1,7352554 21,5330426
3,871237 20,4540169
3,2165678 20,7055251
5,8243606 11,1989827
3,636864 21,3225884
6,6181561 11,3662315
5,5744543 12,4408075
3,3223068 21,5908186
6,0951767 11,5022676
3,5793193 21,2929253
5,9262838 10,809268
5,4859859 12,3663516
6,9624352 11,3454987
5,853222 11,8171955
4,56415  20,2849528
3,4236418 21,8864476
2,4978332 12,2015253
5,407939 12,0087285
3,2040372 20,7332286
5,1491541 10,6943469
4,7396999 21,99686
3,4534477 20,1553003
5,5688582 11,5517117
3,8569164 11,0251611
2,2940422 20,7121852
4,0263439 20,769872
4,2633134 11,6862423
5,0477976 11,5940684
6,8576079 11,1778153
4,4061269 20,9333961
4,7721442 20,7849002
4,9060966 11,3663354
2,9287306 21,8569072
2,7322286 20,8029646
2,3778684 20,3503826
3,7284561 12,2477645
3,9831013 20,5751941
4,3569534 21,0890947
2,9790233 11,3375697
5,3663355 12,022266
5,433766 11,5595958
4,8787255 11,9030293
3,8088906 20,3662386
6,4926435 11,8524329
7,1796572 10,9211844
5,5338916 12,0479585
6,0441119 11,5085398
3,0928723 20,6157049
5,14932  11,6672132
5,5746852 12,259694
3,4926723 21,1151478
3,0902016 21,4279235
2,2381935 19,9019144
4,9462301 11,1445752
4,2943497 20,5473875
6,7359202 11,7541643
3,4885765 21,14969
6,0072262 11,4475412
5,1044769 11,2892227
2,7886917 20,4055513
3,8642716 21,7909536
3,9721385 20,719886
3,2112516 20,3450575
4,5803124 21,1058578
4,6413127 11,8692713
4,19131  12,3917812
3,0025627 21,2453234
4,08995  21,0552768
3,0239972 21,2397256
4,9698176 11,954796
4,9226176 11,8101478
6,4579487 12,2015738
5,9620803 12,1669942
4,5586155 21,8461387
2,6669896 20,7109296
6,5080488 11,4181341
2,6932297 20,6136134
3,5979546 21,3178614
6,5409079 10,3856917
5,4752859 -1,6318562
4,6830929 11,1466597
1,8010337 21,2706117
4,7172622 11,7285474
3,6210958 20,229062
2,6907479 20,4285772
6,702516 10,8064811
4,7156506 11,1977588
6,2824665 11,7722297
5,98781  11,3787385
3,5366877 20,7725764
5,5200686 11,5020172
5,9661078 11,5039812
3,9484478 11,9051756
2,6884419 20,2977294
4,2273867 11,3941008
6,1614422 19,8477043
3,0813406 20,5119649
2,9300102 20,3845484
4,862512 12,15322
3,5265948 20,7685119
2,9835286 21,0681248
6,7988116 11,4105894
5,6922686 11,291299
5,2669678 11,1541792
2,8437823 11,8052907
-3,8852938 20,8820432
5,7568591 11,3120486
4,5301909 11,1069502
3,6546097 20,9084229
2,8018113 20,8210511
6,3063244 12,7133509
6,5661612 12,1331889
3,5024327 21,7098912
5,6953993 11,7725389
4,1700362 11,3647544
4,9148654 10,7631217
5,4060286 11,2825424
2,7008796 20,6454187
2,3141625 20,3833844
5,3739419 11,5495491
6,2702437 11,7120367
3,9672337 20,534437
5,1555586 12,1147472
2,9088796 20,8645533
4,2109013 20,9751385
1,6443311 21,568419
4,6020738 11,819406
1,1750736 20,6069462
4,9728718 11,9074345
5,4620551 21,3711529
5,4598602 11,099048
