-1,531405594 4,671959316
-1,511225391 4,651829399
-1,487844651 4,726461337
-0,848405502 5,261532863
-0,767505754 5,251354178
-0,815889049 5,28351386
-0,761092686 5,221402019
-1,565485837 4,662460765
-1,558385996 4,713727328
-0,600030644 4,775438896
-0,571712835 4,707583293
-0,546194487 4,741125125
-1,560247714 4,801926988
-0,605021367 4,718423057
-1,498006717 4,682193331
-0,825424671 5,215467693
-1,517718538 4,658165042
-0,562179934 4,766580459
-1,493079915 4,676295057
-0,547685175 4,746436135
-0,590928138 4,79120629
-0,830593515 5,270434353
-1,537425111 4,718931985
-1,578456939 4,741218587
-1,547087734 4,690983169
-0,782256848 5,306452321
-1,587188689 4,674462773
-0,550864796 4,749276795
-0,578987629 4,846128913
-1,554462471 4,700670221
-1,435180532 4,745434634
-0,593807259 4,657277353
-1,534845466 4,692639511
-0,788592783 5,178777568
-0,781830644 5,298161886
-1,479401629 4,555464261
-0,773734021 5,251308749
-0,903912649 5,320380372
-1,481472572 4,653740923
-0,629919925 4,820726792
-1,455449828 4,663658314
-1,497441654 4,626180933
-1,57351987 4,702731853
-1,528712132 4,779472377
-1,583326616 4,658342554
-1,518841011 4,761871928
-1,523834586 4,599659111
-0,801638334 5,287096777
-1,57920183 4,764991235
-1,613477149 4,790230319
-0,52131038 4,727526278
-1,522008255 4,710160151
-1,546969813 4,75259087
-1,571837979 4,692774717
-0,525550453 4,806397055
-0,606262892 4,677089943
-1,535534787 4,772638447
-0,798889575 5,328944495
-1,509901426 4,687277656
-1,498312436 4,694248885
-1,514683875 4,68499688
-0,552659662 4,662523753
-1,530621709 4,696627112
-1,555944346 4,55070424
-0,540976582 4,639725056
-0,893862406 5,201878207
-0,552739086 4,693117958
-0,868311126 5,154951129
-1,561622677 4,7197867
-1,519450858 4,686439621
-0,770928822 5,177813111
-0,784557385 5,21414831
-0,52614405 4,749756019
-1,622472757 4,626846466
-1,499778752 4,70990804
-1,537270304 4,745633435
-0,763522066 5,318276581
-0,812597238 5,206292899
-0,574841847 4,764025609
-0,762874009 5,292850647
-0,87401084 5,274138438
-1,470661995 4,755602966
-1,508051588 4,656393098
-0,735767377 5,193187692
-1,589805702 4,584015022
-0,828819097 5,219339654
-1,40226895 4,701190529
-1,53613657 4,780725596
-1,480071927 4,692592566
-0,72229671 5,223885652
-1,493748637 4,727940153
-1,506282145 4,702457876
-1,519124828 4,743511196
-1,546563754 4,733739311
-1,602423421 4,688438761
-1,583696998 4,582609392
-1,484796042 4,594420976
-1,539196354 4,67666482
-1,501385482 4,70203111
-1,484388925 4,791100433
-1,479694503 4,714959458
-1,54336717 4,692999307
-0,575868092 4,696033751
-0,791407328 5,263172748
-0,57903625 4,733778842
-0,785424272 5,279278685
-1,462603899 4,722922132
-1,565037961 4,710329515
-1,464343729 4,694433286
-1,530718988 4,630572692
-1,475807338 4,714405213
-1,522695171 4,735577412
-1,466683153 4,625015092
-1,472471046 4,693739462
-0,775496271 5,318443984
-0,791669113 5,236493912
-1,492846606 4,691272361
-1,576386565 4,612873202
-1,51825105 4,710481215
-1,53171999 4,768669161
-1,510967271 4,651471173
-1,427381118 4,809989362
-1,489882654 4,678655272
-0,80476574 5,247418836
-1,484927528 4,706740707
-1,518384265 4,80120702
-0,878492221 5,256661739
-0,866398914 5,328907969
-1,549992898 4,631480443
-0,524024866 4,707955299
-1,551237339 4,636967972
-1,55726451 4,72192692
-1,542650158 4,641772104
-1,546297376 4,810591449
-1,553893066 4,722880425
-1,502824525 4,662905912
-0,620612514 4,721682417
-1,563852322 4,68481945
-0,711839998 5,340525022
-1,483181355 4,614937062
-0,844072023 5,200940028
-0,852697335 5,205710934
-0,552245461 4,734286511
-1,492421266 4,639620406
-1,518387332 4,647625948
-1,562283594 4,661227917
-1,542929547 4,541206888
-0,613413018 4,775368714
-1,537685996 4,681516223
-1,51361361 4,726073547
-1,607949529 4,773170026
-1,53495639 4,740101069
-1,503826758 4,692707584
-0,548804854 4,85897566
-1,45990058 4,676502849
-1,574210919 4,704063172
-1,527250986 4,703686557
-1,473696608 4,657643934
-1,534290318 4,713631446
-1,439333571 4,673478684
-0,545594569 4,652092958
-1,564166926 4,629831108
-1,54372748 4,727799324
-1,501027873 4,597031489
-1,55056293 4,626966561
-1,51161584 4,750412177
-0,793738954 5,242463056
-1,506871378 4,722385099
-1,477098896 4,668992611
-1,530227487 4,667728314
-0,583501611 4,65580758
-0,753673431 5,388557164
-0,571031362 4,688565382
-0,580610221 4,717644814
-0,556525573 4,85102405
-1,510932726 4,710431028
-0,5279009 4,686638489
-1,546649434 4,657348504
-1,630189753 4,587318671
-0,617549338 4,769238502
-1,536841659 4,735599523
-0,533319332 4,691315185
-1,58278892 4,677907547
-1,544496102 4,673040485
-1,535599954 4,715224666
-1,567506675 4,664216259
-0,554419076 4,738129243
-0,769437774 5,199011247
-1,491577866 4,736435183
-0,827472546 5,354729455
-1,46229615 4,657323233
-1,515499484 4,699870517
-1,50162283 4,750983287
-1,501077034 4,790507856
-0,843565626 5,150906082
-1,473992002 4,702939112
-1,502337733 4,635562704
-1,471900302 4,731191306
-1,638434624 4,74102157
-1,523652541 4,698110635
-0,505684328 4,72182856
-1,459115125 4,792507129
-0,578941426 4,720316851
-0,757573786 5,340632366
-1,554860271 4,555347489
-0,516304832 4,714815676
-1,506689182 4,664715086
-1,563252397 4,574051536
-0,511702074 4,655439637
-1,595533518 4,634118202
-1,560833967 4,642109174
-1,471506332 4,694172658
-0,829616821 5,267399605
-1,56541383 4,658865512
-1,502796186 4,608832669
-1,538790469 4,690662054
-1,489386351 4,661000219
0,706754034 6,521763956
-1,496706548 4,73026729
-1,523389194 4,558238328
-1,632756344 4,67529343
-1,528408695 4,719858421
-1,595921778 4,629100506
-0,755520361 5,322967663
-0,530065141 4,760957081
-0,562782358 4,769292174
-1,529774154 4,699155448
-1,511640291 4,598315396
-1,529497479 4,692833924
-1,513671922 4,708672055
-1,56439431 4,659679623
-1,534459611 4,736630558
-1,471035834 4,764866049
-0,558511153 4,629794427
-1,616102924 4,633300043
-1,550555658 4,745961995
-1,535094378 4,752484717
-1,513606942 4,735330318
-0,566495377 4,734397992
-1,520758134 4,679071071
-1,551037021 4,657462139
-0,79806362 5,411763956
-1,526219586 4,759392506
-0,479180149 4,685063924
-1,484537756 4,680843112
-1,529357598 4,586998562
-1,588060659 4,68224502
-1,588887363 4,551391094
-1,516430034 4,724350916
-1,531171119 4,785087519
-1,570314718 4,68918212
-1,517764662 4,661159364
-0,589623786 4,825902256
-1,46790775 4,683597666
-1,604065554 4,653020303
-1,567424005 4,580928867
-1,597021311 4,699021922
-1,563646215 4,635077294
-1,557502038 4,772356019
-0,538878639 4,659311088
-1,515830871 4,670404213
-1,504780844 4,678821314
-1,545886609 4,699667876
-0,815598162 5,297075063
-1,451747278 4,809395409
-1,55108408 4,746306354
-0,822837524 5,201937651
-0,537337054 4,761033649
-1,511899801 4,705865546
-2,966531662 6,151763956
-0,506711739 4,710907085
-1,523390144 4,657040487
-0,819633229 5,234785726
-0,485859294 4,770866865
-0,453860737 4,77150157
-1,482864966 4,733818454
-0,849000783 5,250947763
-1,500609582 4,66139017
-1,486056942 4,675406998
-0,609336694 4,853468159
-1,545170893 4,692295877
-0,710862966 5,322936753
-0,764549845 5,360537226
-1,588807947 4,779654246
-0,817780374 5,224501805
-0,775714921 5,259331992
-0,5186651 4,737433598
-1,573523794 4,80547884
-0,752814615 5,242546372
-1,445467078 4,645529875
-1,497342668 4,631441445
-1,480667238 4,760048183
-1,566277448 4,624793255
-1,575794552 4,728866441
-1,670531662 4,628159826
-0,755693391 5,279393496
-0,798749982 5,291582347
-1,567508979 4,628098221
-0,86510156 5,257676856
-1,615774014 4,740905027
-0,785616476 5,248564156
-1,59682231 4,717399808
-0,578793315 4,776747896
-1,56471075 4,628988951
-1,578836422 4,725414851
-1,551781285 4,711518199
-0,769741606 5,108794007
-1,467107895 4,687546358
-0,639820292 4,809503915
-1,549714561 4,64325809
-1,498632109 4,719930889
-1,494223779 4,728878184
-1,491719677 4,658270788
-1,452015457 4,787699312
-0,547304259 4,682646766
-0,832617471 5,286912295
-0,452570403 4,77778773
-1,463702562 4,702480564
-0,577165179 4,697525864
-0,562484869 4,748317244
-1,535692136 4,719040166
-1,62051813 4,722194749
-0,569097183 4,67622822
-1,572632024 4,699487301
-0,723255714 5,223937104
-1,503207558 4,69164077
-0,565983025 4,682455372
-0,521661834 4,724293167
-1,56008511 4,738483954
-0,775258966 5,214579501
-1,515609385 4,64942121
-1,586114946 4,751667491
-1,502629398 4,733179649
-0,81299421 5,181690245
-0,78845792 5,287880874
-1,535579622 4,685215239
-1,530708001 4,814063714
-1,50102099 4,677888307
-0,722940296 5,270257981
-1,594146783 4,632188822
-1,537154391 4,73260128
-0,57294788 4,809723562
-1,570988523 4,74431454
-1,527979417 4,706026452
-1,581299701 4,674510732
-0,634741837 4,725190224
-0,781060057 5,302823509
-1,583920033 4,724610027
-1,556020609 4,73226293
-1,572392718 4,738548068
-1,592877884 4,713471614
-1,421380429 4,707686146
-0,799884514 5,247159577
-0,445245966 4,71053983
-1,502310142 4,706021819
-1,539983156 4,728216706
-1,560094218 4,652954503
-1,565831192 4,75246544
-1,555016763 4,687232635
-1,552515354 4,822595677
-0,551386717 4,714760035
-0,587879528 4,752929968
-1,492565029 4,626633983
-1,552689867 4,662482957
-1,472129406 4,705347901
-1,51029207 4,654376501
-0,53408917 4,724409006
-1,558793682 4,608562421
-1,48535379 4,707906866
-1,481544586 4,693513133
-1,4733716 4,727127352
-1,514960377 4,720209062
-1,570149342 4,749153859
-1,508394898 4,711365907
-1,551472441 4,676047549
-1,592588026 4,715671974
-1,522515402 4,770235312
-1,570990935 4,605073617
-1,592095532 4,719376148
-1,508858686 4,814160424
-1,551081603 4,698990428
-1,499785016 4,623315024
-0,894414718 5,236969303
-0,781050848 5,20105879
-1,551152178 4,664409199
-1,620477774 4,696008805
-1,47865712 4,775256863
-1,545075342 4,701070191
-1,577536318 4,720728616
-1,487259082 4,682320367
-1,446808122 4,7135183
-0,868802727 5,323593792
-0,589812699 4,793449556
-0,779673027 5,24700875
-0,754270448 5,270892317
-0,523930359 4,723597818
-1,498883814 4,664505429
-0,846329562 5,229769917
-0,561900344 4,773137954
-1,510733466 4,675340132
-1,561795167 4,766892798
-1,569619566 4,780737518
-1,558518382 4,581625681
-1,554001556 4,689382956
-0,576396795 4,734742351
-1,519758716 4,640479753
-0,727616689 5,225833598
-1,57054987 4,662946878
-1,567492398 4,663312164
-2,229971662 2,743006888
-1,505602443 4,629043319
-1,519653711 4,551356129
-0,842444103 5,324310082
-0,836013805 5,273150034
-1,545799986 4,747784911
-1,522384606 4,662293798
-0,488665796 4,66367566
-1,528210501 4,689959934
-1,52229483 4,708143259
-1,437787846 4,687047982
-1,518745158 4,760225147
-1,565299069 4,704295947
-0,5110259 4,809159275
-1,575777934 4,706998856
-0,504316882 4,728718396
-1,518104343 4,766325418
-1,580485561 4,698689662
-0,629547721 4,733801227
-1,485859042 4,806573678
-1,508887292 4,668127958
-0,567371581 4,748400021
-1,54844109 4,76151658
-1,495365735 4,750489426
-0,548908664 4,714162137
-1,491519272 4,687651845
-1,469241025 4,725692817
-1,456997482 4,638498262
-1,525724362 4,679419692
-1,487741504 4,746161587
-0,51870002 4,688344129
-0,58129088 4,686090467
-1,567521313 4,710784763
-1,542733189 4,727265865
-1,47752317 4,718559469
-1,48172841 4,806278477
-0,761790373 5,232877066
-1,499011174 4,652548309
-1,482268359 4,639327491
-1,511715603 4,769298516
-0,615050593 4,740462633
-1,474825777 4,717135191
-1,498718566 4,555366166
-0,835347639 5,163770612
-1,500931472 4,791733503
-1,503368046 4,632501583
-1,559568834 4,716779318
-1,631136546 4,658150057
-1,477317855 4,635387931
-0,610336105 4,750773208
-1,525499319 4,717009028
-1,492479176 4,742115364
-1,54866578 4,653043599
-1,434260163 4,694230741
-0,612972522 4,681377629
-0,560685675 4,87035373
-1,566108565 4,73410886
-1,4370611 4,562523395
-1,512750632 4,625452114
-1,50796472 4,724289955
-0,493291292 4,745811612
-0,728265783 5,2472324
-1,535832039 4,693212545
-1,448048012 4,722320904
-0,569690931 4,795204192
-1,497741152 4,701954476
-1,545041566 4,677845868
-1,500865138 4,675658221
-1,48891239 4,660281435
-1,518625227 4,702235987
-0,785299914 5,385140709
-1,56863241 4,682362317
-1,560728307 4,706490802
-1,532295284 4,694700152
-0,57769687 4,655980481
-1,565290342 4,672115182
-1,43558343 4,743961834
-1,501519402 4,694141904
-0,816800259 5,33857934
-1,576660518 4,642194547
-0,573201298 4,730359391
-0,49901887 4,788657168
-1,61736669 4,6208596
-1,522907528 4,678334986
-1,475031762 4,747463432
-1,509539778 4,622660301
-1,520591389 4,65949867
-1,504343934 4,815217078
-0,477954082 4,682722253
-0,536896681 4,722338664
-0,580058254 4,673474895
-1,501636316 4,706882476
-0,833740765 5,3071391
-1,623313306 4,686495032
-0,560645542 4,776926466
-1,55186528 4,575322146
-0,597647667 4,887053207
-0,869381002 5,161816916
-0,82016541 5,219966597
-1,586463541 4,745735414
-0,465948435 4,76974094
-1,44226454 4,70026638
-0,58003322 4,730080403
-1,587390058 4,789023275
-1,534011109 4,747353217
-1,541205234 4,649885057
-0,522243925 4,72172251
-0,732747574 5,268841192
-1,501537165 4,709901684
-1,504755781 4,725178562
-1,493782369 4,664488439
-1,474379089 4,718454056
-0,807861042 5,276303633
-1,537294971 4,751701457
-1,452494494 4,625565097
-1,463865476 4,695168624
-1,470882481 4,668915666
-1,477521723 4,704410869
-0,784326049 5,25257782
-1,573903566 4,71974193
-0,798845842 5,211485154
-0,633894915 4,764120773
-0,608964087 4,772755833
-1,556056882 4,741991562
-1,514303535 4,648436396
-1,509832983 4,61786926
-1,518220602 4,662565297
-1,526348696 4,749174327
-1,543773546 4,700469806
-1,524270632 4,746805639
-1,518892153 4,680716254
-1,594719334 4,625204377
-0,601588371 4,705891905
-0,823087573 5,223538399
-1,624166989 4,692306023
-0,794749172 5,236675804
-1,504201186 4,710339194
-0,600214878 4,768133379
-1,511583505 4,651067769
-1,524596662 4,631663274
-1,516702561 4,686774693
-1,449610002 4,69835058
-1,45799749 4,76608087
-1,497302852 4,665118512
-1,572738462 4,641364164
-1,61634421 4,662361309
-0,828996872 5,215226793
-1,507767008 4,743284356
-1,470386394 4,648741749
-1,493924043 4,667282346
-0,616651246 4,838566187
-0,58046023 4,692415757
-0,821443798 5,320964113
-0,724996076 5,200512656
-1,582256336 4,713882647
-1,508306504 4,728025667
-1,488449754 4,714658936
-1,572265609 4,675462661
-1,570465069 4,662704032
-0,585902826 4,771510739
-0,789874671 5,209046787
-1,513830481 4,639830048
-0,607941075 4,804091096
-1,566585694 4,62724509
-1,553315094 4,566213863
-1,567129856 4,708831044
-1,52072649 4,73514338
-0,523582916 4,700033754
-1,618803342 4,746539698
-0,887767412 5,222275323
-1,536558807 4,687046443
-1,593784933 4,690807967
-1,444483609 4,715862036
-1,534391679 4,707859661
-0,555178986 4,692758496
-0,791688294 5,288627453
-1,495676696 4,629642231
-1,539326538 4,726652583
-0,746431362 5,20025959
-0,708226887 5,299908449
-1,554199671 4,717273985
-1,481265435 4,647735505
-0,604101999 4,77371175
-1,495629162 4,674905811
-1,515842485 4,681573292
-1,47703442 4,713134159
-1,524167154 4,769375987
-0,771468548 5,284212576
-1,553949939 4,695973344
-0,528430201 4,737327408
-0,86584185 5,236168379
-1,524228908 4,679046599
-1,553950796 4,734430375
-0,575296614 4,715974212
-1,550331954 4,742025113
-1,594850641 4,749783081
-1,419257228 4,770980995
-1,530111985 4,634890178
-0,535283391 4,757299734
