79252
11229
35130
-14748
24271
44322
-20575
91148
67748
-41818
89483
28967
-53954
-19135
-67593
75606
26130
-1571
-79668
40820
-77726
-67398
-94704
-2556
-84817
-64541
-54685
-46210
-21528
-18247
-87761
85929
-91330
-66183
61827
-45591
35620
-70913
-76721
-87544
-79643
-74322
-77784
-71033
-85284
40827
41429
-97624
14252
31334
51250
4108
60568
65113
-69775
-87478
7259
-8083
-86162
30641
-3782
25180
33225
8142
20849
-17877
-89882
-20600
-95697
78105
31364
-10192
-58651
-26266
-14863
-3831
-27558
47221
30028
18282
68915
-94021
51512
24675
-33517
-10554
34960
-79518
57676
91168
-50666
-72169
59267
-59748
-39271
-29280
54532
1908
73788
-85547
60705
-33311
-89878
-5496
79461
-50984
-78119
6009
6107
-80685
-81635
-67884
11423
-20742
7734
34727
3309
43844
-43905
9869
18156
-35586
21479
-24690
-13445
-35977
51520
77047
-91081
27956
-17627
-55810
-29940
-27975
-28686
-86003
-73957
-4779
-52235
-13288
89699
67276
61053
65479
65672
-47271
-66102
66963
55209
-80931
-96918
86954
38392
-48013
90276
86486
65962
-80693
-63957
69454
-91256
36449
-8398
-43971
-79337
34491
-66893
78136
-9035
-5663
53586
-21877
-76071
63078
83098
-62351
-54456
94716
8240
57514
-19158
-22277
-91127
-58213
6383
-7892
-392
18998
96562
81386
-52726
50050
99780
27684
-36065
-4925
-91104
42394
-74310
58727
83909
-74518
81677
58548
-45382
53843
48375
-90364
-16485
-82148
-72265
64096
-35989
-6136
-70211
51537
29355
82256
2123
-80027
-12464
88241
-2894
-81343
29696
21763
48830
-60794
-29318
63451
-98187
-28726
22707
79889
-46449
92494
-20296
-9565
-37113
72607
-70307
52541
50167
-49062
15064
-27687
79374
-62818
89093
-60162
-64563
38123
97221
-67623
-36689
-11753
-84812
-61189
68936
-33378
20528
92895
23719
-37764
78451
52536
61963
-70643
-5756
-99411
-70074
79693
-30951
-67000
39601
86056
-18793
-90871
41996
-27961
76342
-53379
32295
29497
-77563
-492
33443
-36244
-76342
36939
3361
-35706
74823
-56181
84693
-71842
-99553
3007
74942
26893
-67945
38323
-55105
-85903
60838
10079
84024
-94590
-91060
69622
-23927
2673
-63443
77045
72468
31189
-48507
-88704
11760
-74669
66167
65939
-62091
50762
44529
-73051
29224
43090
-12679
-50453
10163
91352
40067
-45142
-15730
8256
-59833
-26862
-949
25475
18870
-63963
31462
71557
42111
99913
-91149
-97619
-31355
88506
96009
-99842
-82781
-52720
15595
-55010
-58103
18796
59969
84146
-94856
-85834
-38929
98161
-34408
-82073
-77177
-48642
90288
-63040
-52312
-71064
-48494
-455
-72876
-7442
49763
-20900
-16067
-89322
-60850
79341
-99827
-32626
74555
74861
45994
85924
96142
-57106
-3727
-42865
25062
-18774
45308
-81326
34335
77729
84579
99845
-29390
92557
-49312
-79462
81674
63339
91162
-56689
-3369
-25767
35189
55679
77227
21836
11274
-27841
37107
-95016
71637
-80471
-39113
-6216
53708
-59415
69769
85633
69865
72907
70659
29686
-16495
-79084
14957
24367
54826
16425
-770
12376
-72863
-66852
-49648
-39816
-3608
-58027
-60259
-28991
-52145
-91479
-52716
-30337
28632
-99227
-37082
93845
6381
25274
77237
-87590
6665
14148
70244
36799
27454
90425
2845
-88096
-18254
25508
-76241
-91286
96167
6254
-63317
-42106
-73693
-96695
22794
-27385
-67440
93829
-56571
-81432
-65607
-79313
46005
66749
30967
81460
-85712
93697
-55001
4821
-82822
-60779
8458
-67542
84344
66969
-50428
8289
-13078
50303
46627
16586
-96832
55226
13587
-35191
19539
54610
64938
31405
-26342
97074
98250
73928
-49859
-52240
95905
94913
52753
12892
71801
-87816
-93602
-20053
76490
-68197
-12987
27692
66692
98167
37789
-48653
-79444
4800
-47699
2766
-22820
-28649
89464
39103
-41566
24562
-82095
51821
-66200
-97139
87041
-16214
-85639
-68554
-13618
-89107
-86935
20347
97594
-63454
68536
58977
-34686
-82983
82517
-95839
19596
66324
-29415
-34647
-92146
79773
-13025
-2863
-5168
-81456
82803
99818
13527
-89113
-97936
11244
96603
81941
-8930
51862
-77871
-83342
18174
34001
-97996
-71683
-18189
-38479
80001
-27409
78481
65063
-35497
64195
22957
-27231
-64600
99848
55462
26645
-35421
-17680
-35452
-4713
-89700
-70490
-29068
79698
-71475
15131
-7384
-33925
85328
-95272
37663
-66603
-44679
70523
-87503
33424
-81508
-67955
-59165
-69097
90122
-77177
-49696
356
15837
-81190
50725
-11759
-70525
32335
-20531
60948
-51933
-93596
99510
93985
10645
-6355
39639
-46907
58125
-94783
27678
-87011
17645
48841
-4152
74679
-6470
11449
-42720
-46443
-24986
24548
-32883
43429
-520
36384
74138
-96128
19171
-77740
31745
4335
36708
-82183
64669
43274
-28944
10328
16399
49240
62517
26633
-56360
541
-4748
35692
56530
-9907
-12286
86581
48162
-97887
-70491
-39178
97024
90888
-97094
57281
63404
-10103
-81411
86744
-52552
-23852
-46448
-42954
47377
34150
66771
-31554
-3050
7329
-29034
95911
37878
-32432
85174
76760
-56956
-98506
76957
71070
-94036
49271
25987
-98743
-91991
-81980
-45714
-13893
98883
67686
-16671
-87383
63430
88830
25479
-5686
-67302
45447
11905
70224
41745
-47352
-25147
-97106
74381
51466
-27869
-87422
-91575
-61799
32404
30269
24118
-89504
55313
62215
-36177
-42052
99572
-74728
77202
-10856
-15146
23503
-38954
-46320
-51884
15914
-42147
-1197
-79843
-15755
-66603
25416
-84152
-55545
14542
-25083
20511
-14134
-36655
-10649
69757
23832
-31060
83957
49399
-79821
70091
57227
-87613
-5721
70232
45084
-84733
31104
76437
88781
-24465
77402
2061
6041
-84491
-24055
32817
29944
-55428
84855
-73953
-34763
78625
-95169
10705
7366
-77027
-27676
-66885
21472
-6244
29479
74702
29931
-4467
44015
-52472
-64182
32945
-89345
-73071
-81684
92396
-24727
-56288
-93331
37162
89871
-80265
-40683
74121
-80880
-63244
92376
6077
39658
-17808
83781
14255
87010
-82752
-98154
91424
55748
51947
8172
-61078
32110
-65729
-47979
23249
17658
29347
871
85042
23044
-16672
-19788
37614
-41082
11609
57552
2555
43365
-14735
-23636
87174
-97396
19235
81625
-76202
68588
73467
-3984
-4502
-19555
-15815
33618
-43551
77272
-90714
-20762
-74135
45274
-67170
17990
19148
52777
-87824
83964
-88571
45601
-51564
-1377
42173
-7993
-66468
28167
40228
-38423
23781
59384
85187
3970
-98100
-43654
9060
845
-14029
12522
-84041
12741
88271
-99245
1883
-36527
-2267
50398
-12173
-221
-55189
96622
-96054
-99509
-45740
58446
73684
93842
-19959
-80730
-40595
65473
-39604
94842
-21586
-84279
87606
-70828
90504
93507
12135
55816
8045
-8782
91839
47408
-25382
-46928
74718
96390
95499
50761
-57426
8970
23159
65681
73056
-29511
7080
-19493
6692
98189
-44631
95948
-33447
-25586
79806
1062
67612
-39583
57210
-33128
64811
-13731
-73632
-30827
95198
20280
46715
86809
33957
-53316
90674
-76802
-56807
1197
1294
-64054
-24953
4652
-8567
78144
-88856
3966
85746
-65744
-86110
12209
-28049
42430
-23211
-12453
84067
-34597
93249
-65059
28147
59697
91647
62276
67198
-13688
-32250
-8848
-60815
53869
68793
-91258
-27686
-92489
-2033
11918
81958
-42826
19614
16229
-4964
-33270
18471
-45035
-57986
-24513
52210
27778
-60437
-13502
20059
-5819
-60850
-77230
83995
84522
90320
-73562
22608
-24787
93837
-59366
-11804
4013
-39738
-58520
-11172
-10740
42707
1225
91874
-146
-1087
80150
-68308
-35541
-34368
-67053
-82971
31608
-19246
63285
13177
44073
-11392
60812
-95352
23956
16017
-8996
46776
-37498
-33232
94423
46398
40562
29336
-71174
-56749
92798
20882
-43287
37071
44841
-87364
-81909
52358
-77240
-17047
90492
89360
-37589
53252
-68102
-70257
-32361
91723
63171
-97525
-14546
-6015
7469
80099
-42270
36060
-94270
-28592
77485
-17689
-21079
-88595
-96948
69278
43921
-8857
33439
865
-89812
-59805
55779
31827
-89740
-87710
25040
31333
15673
86050
-11198
9494
-52495
18770
73466
-72888
-35709
-33232
56405
70218
-13472
-4784
40207
81121
9209
58470
43121
-68896
-90737
-65164
20846
83510
92575
-9967
70142
-84520
40480
-57696
13193
25054
-70566
25550
-2658
16450
47128
-77546
22132
-58034
-19926
56014
26762
-93134
-27948
-25625
23964
-31222
45275
8124
-72049
52883
21915
-84431
16738
25417
95722
-9837
-68809
91644
-30922
-1401
-81355
6922
73134
40481
52360
76687
-4476
-59985
-11131
8056
73592
70399
88523
31902
63811
81507
50326
44961
-57915
29040
-10313
39925
66471
-91689
93217
70101
68927
26296
-88307
45222
-92213
-68809
56086
29278
15708
-99576
-91963
-80414
-23608
-64919
84710
3649
46081
-56973
36128
19595
-15331
-96689
-49489
-74593
-49054
-98168
-47758
-60400
7655
-13641
-48083
12409
-39394
-46673
-3991
-57865
-20772
57992
38487
53704
-42928
-38478
-66853
8120
40662
-30925
38418
33984
99098
31852
54056
-30820
-96543
-67253
-9111
76071
-27680
99343
88773
95859
-91273
5357
-15962
-85000
-84367
24578
-41854
-14232
-15889
66773
-3824
-72803
-6346
-6253
39861
-78462
-96618
24792
15737
-68279
65966
-66222
65068
-41592
-71490
63131
97369
-31590
49962
-71429
-90873
-74188
32724
-57523
5492
-97488
55733
62146
22737
43787
-19589
-3066
27883
67468
95854
-23411
-52170
-5327
-13042
-38161
-87013
66383
32149
85360
-15428
-96686
-80077
44434
17467
36895
82940
62154
-6478
-79637
88843
10531
-22803
-13563
61974
-99750
96847
36402
-79929
-31037
-34528
20507
41126
91917
-11733
-59164
-21179
60671
15923
86621
23217
40351
96887
-79413
-66838
-93316
-6691
17467
-50393
6753
45183
-90421
-43038
72408
-60402
47466
18392
-65904
-95615
93894
-82670
33063
-12620
-67671
50224
64204
41428
-25905
67756
56948
61651
-25721
-5695
-43302
37067
-90159
14496
54286
-97315
4540
69848
36562
-71191
-64770
61447
-71754
86918
8141
90390
80361
66774
-13835
74150
-39531
-23997
-45992
79400
2759
-52895
37658
66648
3475
6512
-60880
-58276
-67729
91302
30456
53915
26152
52130
-14133
15329
-98940
-84948
79327
8784
39519
69856
-93947
52089
-13792
82778
-22914
-67954
52542
-83782
29437
-25612
-10793
56408
-36000
63470
-24543
-24900
-44272
15798
-27017
-8739
-17643
-76167
-24305
38333
90340
-79222
-83738
-34438
77612
-53458
41808
-74498
-18498
-80645
-58764
-60036
631
20146
50355
-90814
-46087
56446
-20089
-54935
23667
13672
14693
11809
95772
40539
-1388
39346
-42417
93683
-89130
-88023
85704
83946
48118
62495
92891
-55481
-68380
-29732
-44171
32776
-28270
-90658
-1316
-69994
98193
87004
-39875
36458
53923
304
-71913
-69405
11796
-22482
-56101
65791
-4546
-25523
-16534
-44100
37451
6902
-89265
-26386
73115
-50189
98668
53972
-23052
-68180
93580
21008
-63151
-96451
89828
-66868
-16106
-13568
-77650
66763
-27073
-49938
19847
-72787
52923
-54746
66116
-62173
-78317
-149
55429
20860
78282
-88107
945
-10871
86816
-93704
90831
-70782
101
-22880
18099
68224
42756
-66447
-15030
26485
29093
44372
99789
-69046
-55641
-43336
-59048
-73994
84560
-2402
85386
-2511
-79725
-81528
19105
-11348
-86494
-68291
-53591
62092
64957
-85758
-26254
82211
83369
-30263
-41976
99549
-39213
10529
48380
19399
-29172
-96767
47257
43548
23789
-24618
-67114
-66440
18378
29086
-98120
35132
27162
-242
-16033
96710
35903
70985
65585
10878
35921
-16805
33112
-12840
-90076
96717
-56312
68465
-78155
-91265
-13198
36012
-91731
-77434
46680
88808
-62822
-60286
-8744
74954
34808
-60504
-66634
-81257
34953
44396
64691
97618
60765
-68022
-94575
-86048
-80399
16165
98629
-65391
-17590
-10129
1070
-21306
5636
72505
-31465
25136
37155
-44819
-68358
-40133
34141
62471
37872
-76389
66878
67508
43732
65301
7968
88953
-15582
-98997
55139
-49603
46136
71133
-93413
-51416
-33734
-33394
-16708
30446
-19821
-69134
-1695
65571
-36622
20166
-47904
-84770
-78777
66726
-10960
-73370
-44440
-70841
49857
-6156
40296
-46726
2871
73086
37879
41413
-2245
76529
95956
-95086
-79933
-16475
33327
4338
62435
28550
-94608
-63891
93361
96420
64713
11446
-85248
-79845
63747
49795
-70067
-55916
91077
-77829
21682
2812
85013
-96103
-80077
47120
-54739
98689
58090
12649
57801
-34527
38655
72094
31506
55353
-18597
-70632
87018
90582
21193
-26535
31720
-89901
-64134
-24453
99804
-47302
-92838
-6050
-94408
-98261
-79377
-82898
75807
53335
51720
-74718
4586
-98304
-67921
-45304
-20382
91598
20609
-71686
-84814
-4304
-17914
48540
30859
-7036
37
-12496
31829
-31092
-49364
-68661
-11036
-96157
7844
-31407
38330
-43465
56007
26950
-41599
-98575
40906
8472
40879
-4570
29972
-85769
-37115
13744
30982
70521
34636
18774
-15634
-54995
30883
16721
-89424
-4928
-28920
-96795
87765
18075
-56631
56589
-3047
27180
-30631
-6324
-26759
100000
-72227
95731
44980
46604
-53880
-21670
-7899
-4700
71114
-13868
-77420
-5423
-49728
7055
63174
87199
-64191
-31865
-20368
-49309
21916
-45124
-80307
68676
-80205
-49992
59687
-90029
67383
-67909
-38752
4394
53960
50351
-71286
-67083
91122
-43262
91267
-42887
53307
95657
12811
56479
15482
65862
-17682
-87065
-16039
-8053
76114
62903
-22790
-67123
-21246
96362
56167
71760
77688
-28279
-16296
-51457
-35487
-2286
53458
39110
-21627
-181
-84768
-56321
1865
-53820
-79181
33367
14049
-903
34198
-93117
79294
97331
-40277
-244
20347
71870
-3005
44924
35691
36829
96012
-15998
-45198
87937
17396
-24367
-79519
11237
75733
30116
18573
41477
-35167
-52214
96929
-78767
14622
93589
-45774
-90965
65278
-80422
99840
65360
-76438
63053
-75367
-4290
-81205
25491
-84642
-49389
90501
-82729
36602
-92188
49206
53957
-41283
-54238
53309
92390
31019
31456
-39088
-81057
74628
-32423
45656
10521
-67014
20142
602
11701
-87440
64497
-28902
97597
82165
-29299
72984
-90323
37238
-66486
-36808
67016
-58271
48938
63161
-99161
18471
13912
-9606
2621
94654
26302
-91780
48484
4058
-15629
70191
-59813
-84645
-30866
-42020
51278
-73141
98288
79413
-57584
98501
-19029
32004
-33315
-67240
29709
92647
-67883
-71013
98105
11896
8376
-21031
-60262
-28432
44295
-94685
-49906
-63659
-89091
48349
-22713
48320
-8704
-53023
-57141
12795
-69152
21289
65094
26855
36522
1607
-98447
67464
-89796
-8673
-35900
-63689
-48715
39778
42542
43188
48877
-83760
48453
-84580
-94266
66976
-2932
-71079
57496
89663
-38697
-74145
-37745
56
36236
39047
87105
-55630
-83028
71104
-76011
-9041
64823
57069
43285
59494
-99962
-5784
7601
2627
-99397
-34973
-19874
65005
-98198
27650
32430
-19105
88496
-2397
-10314
34250
-17495
74037
-95180
-85740
-86721
-85586
-86911
97553
61214
-75143
57695
35756
-5918
-98605
93934
66527
-77341
-87098
-60512
-97431
26818
-5473
91465
-34517
85214
50457
4967
-46908
68859
-15054
58722
89853
6878
24851
1388
-85053
37608
81348
57229
82334
75388
38958
-48162
82974
-15459
-20620
75403
86418
15553
65297
-20763
98985
98725
10246
44781
-72744
-51833
-56943
-915
81902
-57182
-13144
-40133
39044
-38264
82663
-60137
28088
61394
92484
12204
-19070
18701
48651
61551
47029
-42937
42461
-18119
-69154
-84105
-14840
-57416
-40517
70183
-72344
31432
-80038
93359
21261
-33420
38734
-30555
75650
-30920
-59553
-45535
91667
2718
-76808
-20510
41936
-85973
80605
-58366
-10087
-14671
-63738
39338
81373
29087
57729
-70142
24651
67098
-50684
77846
-27445
-84345
-47029
-87194
98676
29711
82357
-53416
-83778
-73162
-58207
41871
-65104
-63947
76651
74270
38604
12235
38739
63725
-72806
-51633
99542
-29521
-34383
70918
-90951
5169
-89192
60162
-84255
72823
89349
-75318
90182
79162
43607
-42884
91861
3578
-67140
6629
-75298
97365
-19540
53154
-34591
-42992
-71627
67394
60196
-83287
-32843
-26985
10048
-64562
97166
22800
-26411
-35069
4503
9891
2846
-89508
89486
6907
76456
87518
-59485
-82015
33479
-2144
65865
-50430
-61340
-28327
-96869
41161
-52290
-14033
1029
68921
-2076
76626
97798
17082
20283
-99421
61577
-55932
72781
68945
69775
29425
-5194
-22623
-32523
59404
-86435
46691
80827
91457
54756
-70261
96410
51333
-74388
63765
-3896
-8271
-48662
55676
75379
-27362
-70033
43431
-30673
84411
-2792
-1599
41715
-93700
41523
-99592
17937
-67163
14774
-64814
-24246
-45192
-25427
-43746
79439
-96469
-6670
-42923
10664
-12882
-24431
46108
-91100
-13262
-40100
34177
80196
86379
12530
-43783
-63778
-2228
63182
-75767
74548
-29079
-96843
48351
-70935
-52669
65837
5543
37074
-97429
-91067
55316
55918
5338
92752
-16582
22572
67626
27755
-62101
-81216
-17293
-74198
58396
-611
-17512
-76022
-13154
-57204
-70711
15823
-67010
-42692
48263
68385
-50030
85901
-70022
-27585
12961
-61864
92068
-41808
76714
9808
87302
-38222
63022
53502
-91135
-78185
-66171
96243
70735
-10533
53393
80134
-42506
25425
-55731
35550
-92975
-43514
-76024
98479
-37623
81851
-98045
36951
52197
-78605
69347
30789
44116
-2097
-25797
89905
66026
-6337
-40149
-89224
-8875
-43316
97977
-56754
59011
86262
-46012
13971
-42596
49101
-5956
23802
34181
17141
67138
-46301
98373
-77530
89264
-47437
72822
-27380
-36515
-18868
-25099
-21594
41539
1664
-5451
91308
-43980
90195
70622
-90655
-98057
77398
-77809
-17336
34208
44025
-55368
82589
-45364
-66434
-77687
-37928
29807
48457
3725
-45987
7366
-97398
56314
-25392
95999
-61360
14117
-39468
91874
37106
83626
-21991
-32975
-9519
61189
34187
91023
-98482
-35486
-520
41463
-16963
36791
-64384
77845
45916
87136
-37059
-57113
32953
-35076
-79130
15577
24388
-30626
-39559
96958
-14890
-5427
-63253
71143
-94493
50136
-8454
-20212
67733
-74421
40410
-53199
26570
78190
-26193
-4786
3437
-63562
-79746
66447
-82949
-92092
31567
65665
20866
11586
-79434
63753
-36771
-81516
69018
-2879
-80534
-42555
-75493
-20131
-10996
72466
1194
-58035
-6189
85619
52520
13382
-16299
25065
-54808
67472
-21748
21861
61619
-53516
-43421
44334
96273
4137
-6152
19616
76154
-83848
-91608
-25904
-12892
83122
-6957
94289
6829
20825
-21840
83082
-1411
25509
-91047
-57334
84558
-78166
-11783
-17094
49660
-58401
23192
11133
-92188
-33333
14885
18461
-39432
-32206
89942
-38319
71175
-64204
-62096
417
-47000
73617
-91597
69289
-55645
-14192
26713
11089
14665
-94534
28855
-84428
-36918
-2920
-62691
-25784
-94730
-55590
73396
-30797
62752
-30367
82694
21032
61740
484
39426
-12971
84828
-60835
99546
-99749
62982
-30276
18081
27819
-64219
67659
-85024
-11278
-63552
-51986
50781
-8604
77260
26952
94387
-20255
-47096
-44894
39901
70431
90618
-13726
81749
17109
-55699
65352
-76160
-76490
45874
-32419
41240
33806
88089
32941
32886
57327
-44857
-57255
-9900
30068
-92884
12320
-21388
43738
-28663
66482
-56663
-3491
-565
11267
-30143
61380
-68622
-31333
-14176
-5581
-38417
97829
9375
-36409
-4479
-41754
88242
-34827
44498
37156
67336
-7878
-34023
-80570
83789
5088
-82884
-38552
-82346
55364
95148
-16777
-42876
-48336
6367
386
84678
34526
-38908
82613
-77618
-64024
-86327
82806
84153
670
-58526
44886
10083
74179
-28772
6403
54427
-60612
8551
79364
94152
61094
-36204
88743
-87521
13145
96251
81987
-25620
-86940
41221
7777
69842
65035
-27877
-22740
-49880
42701
15760
17093
-52967
77561
-45987
59924
-9258
64000
-16339
-42853
-95873
86974
97798
63866
-52210
28240
-64092
-12834
-18888
86520
10096
-68567
-84638
19989
-18833
97341
-13962
-44863
-8463
48197
-98240
75103
-4209
81421
35037
80034
47438
95752
72034
-97388
45393
-19068
57843
44768
-84563
-17152
49891
-37883
3603
12120
8487
-95834
33589
59948
-84260
14368
6049
-40227
9534
39803
85524
-41777
-86064
-1952
-58147
17508
-33881
56796
-89554
-52665
93665
36916
59436
70350
-90120
-99368
-61210
-5457
-47878
-63253
-30582
16056
33122
22018
28418
-65853
14212
65883
62282
66728
-65344
-54730
87900
6841
85516
-83963
99313
-33146
-45841
21416
-97188
99691
28736
71632
75045
-96102
97929
16360
-23317
24399
60831
-95560
-72526
-61287
-43714
-10582
18547
-67642
-54265
13228
-59937
88949
-47009
31904
-12274
53217
-99229
56482
-30619
-6719
86460
-52613
4712
-29610
-31136
58197
40163
-90076
-81565
-94624
-10732
57161
-81452
-97344
-91511
-13030
58186
-54643
-49113
65722
-31355
79593
-75983
-98801
63113
-10434
-53181
-58824
55424
-62107
61823
96116
-78430
14964
-10144
89063
-37832
-79911
-77581
-8247
41002
14129
63646
49324
-18092
81045
9199
45814
38700
4475
-58712
-44101
98003
-78120
80633
-25793
90215
32954
75451
45651
-41903
66882
-27646
14074
55732
-4964
-34596
20491
-82095
49665
97706
786
45807
-23410
-95490
-50640
69705
76080
55539
7111
-43184
52112
-34935
-18024
-76445
8961
-60940
33284
72263
11026
-37841
-530
-4400
-16483
82442
12263
9942
-83617
-67187
-71082
47198
-41728
58045
42740
-95800
-56166
-45685
-50368
-5789
-94512
-3452
-92017
-42857
-6041
34221
-46838
41017
53854
37998
8700
31043
-15970
6088
-9459
-67866
4797
44644
51958
-27333
21295
13096
-61356
-25253
-69304
-55119
-57570
77629
-33489
-75814
10837
-99420
17912
66390
91902
97795
-12481
-65161
81116
-62947
-16398
-95473
-37764
-11385
-20627
24473
2178
-47370
-74931
-53007
86930
57649
-35804
6024
-38630
-58861
43478
97000
71611
-25536
-69484
-88186
1104
-51907
-96790
73392
38504
-72181
16800
-85515
-57155
51403
-14590
72704
-20819
92316
-93921
-85137
-14038
-57687
-38369
90942
49209
49280
-20704
-62766
-81486
-33303
-17329
-98952
92003
26600
31649
60929
-54123
67965
-34696
93830
-1109
-63574
-14015
10148
-37521
-39234
-70136
98668
-46410
-23382
-53852
70297
-25051
-39151
87836
-65310
-38923
-70570
-90984
-50818
-14014
-58664
15772
-39900
-78460
-22530
-32361
13349
93129
59280
-73109
99654
-55045
-33830
85272
-58977
42248
51012
-59031
5789
-73084
-36285
-95768
-18175
13031
-59733
49510
-4516
-72707
99460
49415
98391
31231
24315
-53252
-71221
32029
-29603
50090
-10179
1757
75508
-92584
43350
-26689
78800
-10678
-17503
-23855
6593
-46624
-80617
64591
-8026
-77069
-21059
55687
3624
-58703
-31246
44428
29824
24902
79328
26886
18455
-34941
-25172
-61306
55672
16742
-9223
13112
89439
19962
-12892
68506
-88158
94186
-94210
-34987
61896
-48134
-87262
94032
76586
-69935
-72844
-28403
-50564
5129
-52891
-97232
-73341
-27885
-32928
91457
-75497
15563
70490
-40788
46859
-14934
-21685
-80535
-15773
-47609
-104
46079
8829
-93513
88272
77313
61858
37378
5845
37646
-71766
-69484
-89637
-48778
57231
96169
-34338
-35313
38888
-63101
-62757
30061
-29738
-69538
36172
-34939
81589
91468
66946
48357
48585
30595
-97304
-40242
-55520
45058
-28163
-10167
-10729
-99204
-20282
-67952
30131
71657
60753
-88975
-95020
-11056
35744
-65269
85566
-67754
86774
53902
8734
-91004
-91234
-47789
83698
-65881
88269
-99708
-26398
27932
39564
98484
96307
85850
4678
-70453
-52514
53621
-40059
88824
72925
54365
67282
-12382
-88274
-17718
-23532
-8550
85242
-70514
81797
3907
520
-99951
-6084
24046
75679
-70531
33517
56987
57179
28723
77985
-53942
-31052
91061
16489
-2285
-60640
-38819
-18884
61222
96533
-32075
24842
-34656
95310
-58840
79148
44028
10486
8901
20189
-46935
-14293
46317
87771
-27480
-18626
-38655
-94057
48677
-92207
-69775
7106
-65738
39523
-1458
95492
9284
-12047
87358
-79604
-43026
-72698
47515
-70763
-68905
-67730
-17373
-75247
43261
-19853
-35352
-66404
14553
-59771
88246
-34492
16715
9299
6623
-42795
36281
67899
5216
-45871
46441
-180
-99229
10457
-22559
-19296
-88859
-977
-88065
63404
-69034
-98290
11862
-45069
-65349
44733
-1035
-26480
25718
-6947
54216
5075
-63999
-58000
-36973
82174
-16256
-71355
17077
-24050
-36740
-46840
46656
-68343
41509
-36878
82377
52207
14518
-58652
-7897
85544
30979
73306
-25433
39923
32686
-14708
-29027
-23741
62268
45927
1809
70377
-39917
-80557
82694
-74926
3290
99418
-68800
-14772
-85533
-48880
91593
99443
87233
-36722
-50808
-83124
-11082
44081
52599
73400
-38625
98531
14981
28996
-90404
47056
-34800
-60173
-71668
14320
-53760
61594
-9984
40596
96048
40077
-69775
73138
-69252
3475
54818
-32673
78293
-91516
35458
-36731
-74326
4548
19033
53103
38889
91219
-8337
-83706
65063
-53640
40677
-76980
-81082
-44022
-83848
77697
-3169
34259
43577
66070
-32590
-92217
20690
9004
-30229
-45222
67175
7181
67286
55477
87671
95023
-81572
-56399
68411
27347
-2410
46032
-5431
65144
82058
-82505
93346
45294
-84055
-88415
-37613
-40112
-42159
-78214
50749
-17161
-96951
-78227
-84353
-64415
88092
99036
71891
-20092
1766
-58640
46283
95013
-43466
67911
79232
-97646
-73059
69801
-12068
19598
89647
-30174
60008
-76431
24290
-94223
49745
-7981
-54149
-61774
-64593
-42545
99178
-83589
-41478
23213
-59134
-73419
77123
-75547
12994
-9930
52800
93634
-52519
54282
90351
-13154
75224
13154
37375
-30351
-18821
38881
35089
95940
53978
-65688
43874
-9248
-10166
-60898
12692
-61227
41251
45582
83530
57869
17826
-98545
-57575
81347
34499
94853
-77491
18117
-11364
-5636
-39604
99578
-60019
41394
-98505
53998
82088
18498
45397
-39492
-15157
23111
-47712
-86499
33474
-22377
15243
-79985
47457
-95399
-24286
-69286
-22154
13760
11223
4163
49042
72899
-51593
20363
34210
-99268
68040
60124
54835
82313
30123
3195
-6020
69296
-41612
-44990
-25117
-47892
-82670
34831
-92247
-61813
28012
-55461
-13768
19272
-76461
-93745
-39016
33437
28927
91625
-40899
35405
46947
-32983
-41311
-34489
79299
14413
64820
13727
-37903
-19241
45975
-29037
80775
692
-56772
-42744
55786
-95225
-81943
48458
11511
24497
-8017
-85939
93988
80167
94353
-11056
1387
10668
88773
-64766
-26344
-81026
-93478
46398
-30085
-14171
-65095
31409
85328
53908
98866
22113
25630
60321
45661
20385
-94884
31854
-15171
-43449
65307
60779
-18880
66155
-87391
51981
19084
-20152
-41028
-52467
-77528
-12545
-16473
-47143
-17065
-51228
94652
-13031
29304
-87839
58350
-32678
-65278
-18765
16407
-55719
-2132
1524
61046
-66167
64207
69462
-35771
65298
-68029
-39651
-37549
-85463
42138
61101
48973
-2392
-84515
-70249
-15938
-76064
-5795
-38330
-83301
27437
-22498
16444
13158
-89088
-51942
35274
94162
-8343
71540
58950
-26773
-7717
-81511
-88191
63827
-9040
-11021
-65850
-21068
-77159
80436
-96211
20161
-92752
-76611
45065
-92771
-9272
-73605
-67652
50053
12023
-25494
84752
-1050
56661
10983
-98150
-40189
28068
47598
48190
-87542
86520
17525
-88532
52938
-42179
-14496
-83517
-36546
23529
-82524
16027
-22714
88880
-3665
-3241
-64727
-23717
8456
-81561
-42473
9285
50856
69025
61718
-5204
-28871
92207
25487
55289
33076
56694
80817
-4981
-49541
47852
-1163
-37983
75609
23781
-64856
-82652
23748
22211
-20717
69553
21405
15128
-61743
-56378
49399
-56176
83653
-24110
28216
-61532
-35087
-61919
-52236
-7024
-61045
-51573
33852
-60048
78680
-83314
-29887
-20623
28394
31690
48559
-62671
-92362
87687
51142
-81544
6089
-88752
-86120
58398
90032
7549
59393
-86191
39332
48903
35404
55089
32232
21895
87469
91159
-11202
-94983
-5092
-78127
-29515
-17279
1907
40026
5450
-57493
-80985
8501
26615
82633
30146
-43824
74031
13718
-47516
-55570
13894
13032
24450
-1287
37998
48419
-96024
-27119
89906
33582
45200
48714
92400
25687
58776
-16785
66855
96241
-20352
71974
33034
-93417
15869
82144
12125
-19905
90804
6955
18205
28548
75816
11792
28331
66488
29116
-87406
51971
78862
26301
-95059
-10864
-69107
-97822
36617
64703
-66455
-69999
-53376
-28175
28366
27050
27165
-36079
-95022
-10318
21052
-12852
-50378
-95283
8134
-51980
-23908
61832
97414
-138
-15691
-14713
-37267
-7846
-62500
69641
-92880
-94121
-45917
93260
89082
43100
82299
-62703
51069
-6254
-27580
-30283
-29183
90553
65250
83351
60690
31876
-25508
-90612
24889
24214
-80161
16520
84127
-49176
94568
-50804
-3156
31055
89581
26215
72807
-17095
-38141
99419
-88511
41500
65822
50265
71456
-91527
-36895
-31258
52893
34660
3533
37189
23479
-68767
27961
29930
73407
12184
-16217
97123
25615
27779
44904
-83394
28586
-99048
-11847
-90421
-86480
31039
29584
99864
14649
49378
-13366
-14499
-65443
-88797
-76895
63091
-23671
86168
63268
-64626
-70900
-43355
-6757
79828
-77613
49125
19296
-6270
-82438
30532
36982
-70179
42656
53107
26491
65713
-30541
-43889
-83457
30507
33463
37049
-60036
-23287
-34168
-38281
-53596
-65536
59129
11950
34290
82859
-45160
-76345
23957
-46401
68835
8317
-90229
-48453
-71925
40126
-73194
-15172
94776
81298
-70553
82177
27013
88429
-33770
-95618
84866
87842
14447
46489
65981
29561
-25121
50159
-7973
-12079
20666
2080
-82414
-25990
-54925
-89605
46644
58357
-95519
-89998
12900
16832
-833
-65598
69365
-1525
88350
37567
31630
12569
-93903
54932
-95247
-24850
51288
-96305
-89973
-33864
-83883
44844
-32961
15898
-53144
-74324
65571
25599
-45655
3549
71048
-79314
98890
-7895
-83301
32143
49313
35455
59459
30584
-33860
50301
32359
82222
78237
-38693
-87786
-70028
1777
38842
-85197
36210
-96155
-44966
-3949
-5802
30756
79427
-23583
21443
68563
90196
-32635
-16968
-55771
76958
30018
75066
56114
44944
19772
-16562
65275
74342
89983
45912
22115
-60645
43219
67210
-26932
-98221
-56222
4676
-38112
-94316
19107
-29052
-67709
-19525
28510
-38888
50227
-8306
38878
95589
68843
950
-53467
-57598
43106
-84470
31040
-63112
-93201
-4781
-73960
66345
-11755
-23176
12043
90600
-84282
63813
62166
33741
-97340
29699
-29963
-84066
-46400
-79569
60773
-26671
-30625
81424
-42655
-26868
-11867
88044
13161
53345
50131
87827
38666
-32899
-57757
-4411
-54885
-88020
-94143
10709
32
33611
-15601
-68179
18208
-62934
21121
-88466
-38805
-26803
78805
-39397
-59386
-87059
-25528
-55019
-93805
-80094
-61698
-72876
-15790
-54989
-20355
15133
-57875
-33795
-26553
-39567
-23365
-98276
72695
28397
-58927
-57504
-43304
-61829
41163
33669
49221
-23545
-44781
-75619
-57761
-17647
-43536
-52926
-63668
35590
58965
27567
23733
-94791
-43722
-41512
55588
99970
98503
43746
-2256
-91337
-71846
-13297
-34588
-76145
-72678
-54439
-84369
-49991
-66917
-99377
-64412
-97926
-86697
-57227
22319
15217
45769
-2094
-65599
94200
-65726
-71146
90706
98856
59822
-17950
72780
85539
70279
-70951
-95133
-89386
-65326
20476
48755
97152
15495
-32844
-24250
82955
55605
83846
48142
-49579
56810
67601
-15940
42614
-82235
-87969
-85004
79007
55277
-99259
-25486
92205
-52876
52167
-52839
-54236
55902
-61792
62031
61788
8510
83163
3271
-17622
15465
-19506
-65165
-69677
89710
63918
61118
97911
-54303
16632
-32952
6380
-98079
-70933
-25765
-63540
65272
80780
-94043
-10867
39631
-49041
-74211
-75406
-4457
80489
50910
-16958
-81680
90941
89780
-26956
51352
215
23500
82002
38567
-38261
-38791
-4386
75973
-34775
-73095
-70074
8694
35962
99938
4200
64318
81250
-2703
37300
94761
-52114
58864
12687
-57932
87858
-52736
49956
20719
39206
35497
-47749
-88708
4684
-2355
59034
65552
-7989
61284
-35833
34558
-56119
77091
69925
-18199
-84815
-28217
86215
-65506
-38097
97536
16045
-16898
-14107
-75090
-32823
-12281
-25528
13392
59123
93555
-27608
39821
54944
88439
-57953
17780
45755
-35879
-53764
-931
-70361
76713
-24310
81939
22640
50263
18126
73668
-22622
65274
70459
1552
-71321
-95754
12116
27900
-86940
63211
-77716
7425
-81748
67620
46718
27215
-30966
-42623
38593
69657
54173
24041
48818
-94279
-47008
-60173
-42618
-91582
-98055
-3615
-60785
4703
43594
-98581
-29679
-67973
79522
-29591
-89813
61235
69738
67264
62415
-15492
-84658
-52601
-84072
-27955
-97430
85729
-83321
-3372
-87979
2314
65137
16513
-95235
28608
-35840
73687
-8439
51456
-84148
73214
50284
-89806
32362
73454
93510
-61418
6998
-91990
86679
-50141
28406
-64589
153
-10687
-91225
-39135
12632
-39278
-33565
50983
92493
-39844
44452
63473
-78269
57312
1164
37424
-10276
19201
-76294
23419
9661
14220
-79733
-26582
61189
59027
-89332
54454
-59864
-69704
64203
-95467
63970
-29845
69878
68791
90034
-54229
69674
71975
95524
96825
14207
77996
-2278
73137
91691
5943
56104
18368
-35070
90217
-39807
-32606
67587
35749
-36210
51281
12887
67578
-84077
99849
44771
67876
21881
-82310
-99524
-61830
-6228
25971
-83028
-92381
-55046
-4380
-14269
-65706
31940
-40875
49086
-81313
-46919
-13074
45600
10292
33810
46243
-92958
-22651
35727
-66372
-55202
60796
-61581
27863
2029
-21177
87538
19360
-25272
27678
64841
48012
37965
-94365
13586
14240
-30255
97172
-82583
-71479
60631
91041
-90694
-81076
-45299
-8453
99534
78322
-33379
-75618
20372
-83766
-11539
10854
3269
-32104
-58569
-38397
79906
-38588
72644
-26031
-85775
-47148
95213
-43817
-4011
58888
-32104
13006
-31926
58373
-41308
87061
-36673
-57971
-86325
11346
8247
-34909
-61623
-69813
61644
-59719
99231
-81706
31651
-4926
18966
-2773
-72363
-1551
98310
91569
-42074
-84022
-98014
86800
20350
-96503
-59242
49621
-33756
-77969
83061
-66383
59477
-20249
75896
14696
22153
27662
39695
-5252
-68673
21207
-74473
10940
81335
96705
-77042
-20735
-46999
37651
-69924
-39987
-81476
50165
32306
-17147
-35097
-33921
-56373
8810
70914
89904
-5291
-99917
-28151
-59005
44207
-39521
98024
-11031
-56089
-20116
75684
-14272
-14475
-70875
-50221
14910
86970
-60230
-25232
-76659
73242
60174
74830
63126
-7664
88295
73073
7906
15559
-47145
-70343
-28303
-18437
-54325
18515
-9423
-44038
-81025
-7911
-2705
5292
26435
-48494
24570
12993
-39922
-66632
-65865
8788
4848
-73524
24337
-1369
-46730
-18657
6758
18742
79052
-30630
-51909
73485
73476
62713
-92866
-62485
17534
2861
-51398
87698
40991
-15760
36600
73407
18975
83652
13974
99295
37535
-88313
-59406
-80903
-29198
78747
62555
26236
-25639
65002
-26812
-49239
0
23573
-59833
15756
-5162
92322
-99408
21365
70155
90580
-58445
85549
44910
-97397
-41862
-41358
-37073
-98190
71155
-23259
-13941
-15848
-34164
82625
-91276
90210
-2279
78057
93647
71467
70927
48200
-3251
-75902
-12267
-43462
-38911
24204
-62900
-58658
-43610
17594
99577
61548
18901
-51477
-25038
-43378
-57996
26796
-25029
25723
-33217
46736
-43652
-33099
-80780
-3124
11109
-53750
63273
-21183
8852
72984
65308
54652
33978
7760
20796
-79400
43337
81185
-31073
-82097
31987
18410
-49538
-57249
94249
20345
-72496
38097
8825
-20115
66362
94348
317
-59464
77679
23030
-48284
6806
-42542
-50122
-23015
-52165
53175
19811
-32374
-87910
33197
-65945
67276
65940
12093
-93511
-14261
-9647
13477
-75159
57494
90316
25977
92502
99246
-14911
46879
-23052
76092
-95765
-43626
26888
-57503
77857
-33864
-91940
-57419
75015
-34975
-59517
-99036
52012
-34630
16691
67211
37962
76121
-47219
-30526
29744
-9147
-97936
-40147
-7668
-37874
-83295
86424
-64047
63291
-4697
277
-32342
-42737
45641
-43781
-17428
-94602
3736
19617
51620
74437
39537
42896
-41733
-46372
-58431
80917
79961
-81143
63242
99872
71284
75811
-94957
-30900
-32304
14657
-43702
-60559
-44043
-81346
67432
2826
-82970
98232
-10621
-83730
7787
-12904
-57522
-84666
75971
-40193
-65216
91051
-7234
96374
52985
74478
-73977
-77624
31582
62710
72527
-8937
87562
-3939
66502
-85290
39003
30788
33790
62727
85655
-78944
-18814
39561
34943
4355
39438
-72553
-18085
10877
69802
-47049
-21129
-30656
-85779
-96795
22933
-36791
56118
-78606
4890
74961
82001
-76446
30410
-52241
-53537
45376
81201
-7087
-93347
-53417
98596
9911
-21103
54339
-19929
-86879
19547
73636
83807
-19669
63334
9295
-23411
-51200
38078
-85817
-21506
32794
-23247
89181
45646
32430
24052
97100
-95972
-73138
16585
-15914
-63235
-82949
-43825
-62525
14158
62743
-6140
-11780
-61803
84730
-64984
-73756
38266
-67418
49765
-52776
75041
32729
38256
23804
59284
19660
32270
29986
-9035
-26519
880
54317
56220
-12892
-38468
-71971
3911
4188
48958
68793
-98537
-57337
49156
-93397
49517
-85509
-41900
-16546
80533
95989
-36208
-44553
-60011
-31208
56922
14249
43386
57616
-76495
-89751
-70098
-59205
31518
-32052
65241
-32275
59402
-79794
-26844
-39636
17891
-38079
-12621
-48925
55331
-96241
-9156
-88848
-70717
53581
-23940
-40606
-28319
-52354
-41871
-44457
-98418
65335
33231
20573
-17655
36876
74292
-49406
906
51355
-13245
43870
52097
-8684
-67801
-67467
-2584
-42922
87563
-40249
-48032
86229
-34580
-41693
-64760
-10831
52518
64653
-73797
26035
-61848
42314
-14585
87550
-36180
-38151
29766
74581
55864
95001
-6350
57321
70257
-38140
-37086
2099
-7279
-86411
-8781
-42489
-72316
-1932
47429
-72400
-93793
44195
-9021
97031
99095
-10382
49933
92823
-31755
-56256
-62846
29741
35036
30007
-35388
-41769
68782
-23095
-94876
90933
-44377
46849
-54504
67485
-99044
-94494
78616
-66231
58031
-28919
57009
77901
69353
-14238
47550
-33814
-59007
15504
-86396
-86040
-25693
30248
34322
-22012
33871
-50223
84421
17190
-95874
99125
41641
-18781
73232
-71080
-6564
-35420
-51827
-60596
20444
-67339
-1271
-9595
19796
-21896
86822
-3842
-56260
71879
-14746
-85012
-39423
-82656
-88153
6660
10982
-29224
34575
35826
42386
-55981
-80663
55684
80560
29167
-35816
29049
-51528
-6862
-62586
-69503
-74578
20447
78386
75506
-11361
7422
-25575
-51550
9259
-45548
64473
-84796
8961
96545
65272
-46790
59232
-68913
-29794
-19025
-81889
69506
-27765
-51137
78827
9693
-4906
75853
-6527
-53382
-76614
5325
-31316
29237
-36681
26752
-66280
-77532
98842
-73866
19784
-69503
-41567
-91959
79630
-32749
-3932
23372
84164
-60677
80066
94417
-82968
46857
3140
-61860
-86301
92018
-53087
75938
73788
2656
-12409
75178
83607
-54407
-94969
57888
-12131
-40260
3058
15874
5023
-21305
21973
-30015
17969
91813
37353
-17305
16506
5713
22179
-13540
-79055
-56141
50092
-90833
-42124
-16254
44331
-85322
96305
92315
-32967
-41060
-18004
-47721
19924
74494
116
-33408
10385
56907
44843
15921
-4853
8099
-65542
-27154
86285
-82515
-75608
-58895
47032
-41101
28527
7973
-15979
6448
49290
7250
56885
27805
90684
29537
-29776
16430
-91000
39949
-11586
-40445
42220
34968
-13708
-5165
-92815
-54571
39632
17469
36336
-6992
55427
-96462
-14392
33210
21891
81770
34369
88874
58198
-57388
-98924
-46259
63442
70651
-90201
10605
13064
-33351
59462
89500
22075
-8470
-73104
-7639
-7446
92912
-33571
35418
-43505
-90692
-41368
-66580
33449
-69093
-54457
-91370
98469
25013
-79136
-4194
60207
86771
68220
88448
11817
-48023
-37933
59000
-5877
72855
37057
-20715
55637
55971
48266
-95094
-10064
58379
-80506
95565
-2023
-23289
37929
61016
20858
3865
54260
78827
-1456
-93539
19889
-74665
-709
-86308
35948
-90507
76688
-11011
-35194
20099
61486
22734
68789
78993
-79958
29797
19752
36933
46044
-2950
91125
6463
-17021
-61394
93111
-14323
-64154
-17750
-62938
65537
-97470
96860
-99278
11418
-78894
-74490
22903
-20924
75947
79649
-88684
80433
35430
-72660
-35241
-68306
72028
-72987
-55648
-57600
86653
-72983
33602
-15547
-75344
-73956
-69043
83971
-87740
-21346
-2342
92526
-82199
-2636
27541
72584
73478
-74688
-6838
-14050
-38412
99541
32572
-5818
-62539
65850
-75029
74111
27912
-55964
97090
10180
-82200
35082
-52580
-25265
93747
-39081
44250
-18997
236
-18281
-99336
-72093
92391
73732
47145
-54088
53054
-49272
-43960
-72215
-48951
62314
-14553
70651
64250
47884
41229
17054
88936
-61338
-26871
-63132
17106
71896
-72068
-94890
-36236
11346
47963
-78450
-44107
-85053
18087
-17610
96899
10710
-42944
72723
-68982
-20440
-1686
5263
93273
-18841
-85408
-59777
-97379
-76851
67961
-40365
-33870
-34579
26987
81008
81690
-67104
-95129
19348
-311
97436
-68826
50667
-45645
-73391
-68888
36967
-11761
94010
-86326
62565
93809
-71746
85292
-61866
-32187
-51210
3503
-40972
79178
45987
98330
76899
-17438
-50162
72530
50042
69265
81363
-64969
95746
-69383
42769
-64910
95594
96947
48487
-83384
-28139
60913
-71146
1577
43270
-55788
97125
30360
-42367
-36001
29967
-23442
-14654
44069
70084
-19700
98462
-25270
85679
-42758
26728
-74227
11309
-41054
23032
47034
-95245
-53343
-95266
76537
45607
-73448
48240
-40039
62303
66965
-71040
75774
9031
-44885
83574
70135
52242
5364
-97104
22614
89395
33252
-5731
5181
89760
-34001
-18126
-12384
91975
-14688
43134
-59999
-56738
-60874
-45575
50990
-42115
-34863
-86036
40047
-71244
1441
-75613
-54634
-52392
80815
-17872
2733
95084
1493
51484
-88678
-43847
88812
-62493
27417
-94486
-48381
12359
-6352
47575
-8290
28742
53321
-90347
-17465
6618
74504
-27454
10508
-16034
58625
740
-50542
-31094
-34767
-67671
-48741
-78521
-26633
88488
16069
50370
-66907
34276
-79747
75838
-42072
-71560
41393
-74314
94843
-31028
41793
-92528
-67886
89946
-9099
84475
24731
55829
-23152
48407
95890
48324
78529
88178
-46372
-8006
6725
42197
-72955
39929
28539
32957
11740
-74830
-7925
59970
-31339
-21453
86088
-17636
-20439
63453
-97475
98163
66874
-27171
31867
70149
16301
46678
16812
-52932
-11790
9829
51347
45176
55900
96898
73080
-46171
-62714
-57300
3948
67390
-21935
-64150
-85083
-54244
-39445
31477
-43779
2847
-28808
64807
71505
-11180
-80452
-99120
24300
-9960
45839
82448
54969
-34757
-37010
53439
22461
13218
57703
-94198
-23400
5502
91855
24557
-60146
-11859
2080
6850
-52400
-6085
-42941
-61339
-1533
-30207
71545
-45808
-28710
-57418
19799
74587
41093
40122
-52586
57622
58092
-68359
-96974
72085
97611
-58182
53195
-19378
32287
21625
-25439
61997
-81562
8803
50743
-58249
-62820
1565
-77102
81089
-72962
-65380
18855
78163
-11400
59443
-6894
8881
30650
-40287
72307
44552
-47587
-65569
51778
-63639
92276
4224
-43735
-49573
-79491
-33489
95251
-85417
47841
68615
78677
-89813
89609
75
-48064
-85119
-60725
44800
89717
26617
6399
-17826
-71189
-32956
-42749
11779
87568
-64779
-92143
9554
37234
41668
-24978
76469
14437
-21660
58810
62375
47527
57381
76036
-69949
-86654
79253
44761
-20192
92606
14469
83847
55935
-97520
51812
-55593
-61110
57415
59636
-34413
-98424
30884
36013
55252
-5235
20186
-53802
-87254
75683
-1757
47213
-39901
-75067
-9720
95598
37087
-40490
99614
73804
-20756
3918
-31130
68050
29537
-77952
-17066
34905
56288
-53328
57426
99797
-87245
-6032
-67577
-58571
4554
-60113
54906
89434
99054
-98029
37586
-3685
36163
-93861
-46892
34068
93254
16891
-37707
-55415
17612
-89242
83637
-50482
7108
25636
-75604
10165
68036
30940
-78543
-27518
14391
34220
1082
56269
-22106
-39225
89109
71706
-10557
-26638
-33311
24569
-66679
-56986
-36048
-61563
-69367
88086
-41548
-10107
-45221
-21838
17661
-26991
84066
-46870
39069
-41037
-49735
-43517
1421
-59334
-5698
-58352
3384
9777
-35208
9542
-16488
-50814
-41269
-81202
37963
44802
-25904
42052
-39698
99206
91098
-89685
1517
44054
28
82233
-1843
-56879
5944
62469
-39679
74729
49026
93319
-69634
39537
-92825
-17171
62335
-80781
-14745
61679
37320
-54039
20184
-38802
-51101
-35394
-95879
69914
7739
43944
8918
85240
37286
-65865
38342
-25496
54401
98310
-55927
-84488
-9196
95190
34752
70120
40309
26372
-85449
-94194
83952
542
-25699
-44555
-60922
-76759
-99521
5614
-88334
11353
19871
-76637
15611
-38813
-23951
-14291
2599
82179
52985
53624
-45348
-91025
-26802
18491
83874
21272
3454
46267
86032
11261
-73469
49041
8861
8951
35682
8297
17896
90847
-83790
14550
82947
11566
27089
28556
-35018
55423
51000
-43925
26146
35227
3569
-56803
-61403
60008
-76786
-68363
-88186
30315
13214
32125
-11714
-98910
77183
-42373
64728
51818
-92497
5017
77363
-65897
69979
98191
-1079
96478
46242
-81277
73519
-25440
3747
-84907
-44297
-71482
45487
-45446
4796
83655
-89624
22307
-79939
23883
-94258
-40430
52643
54394
53832
-51832
-98458
25355
-73880
7988
-47029
-98933
32633
-11074
31085
-44114
50089
87818
-90907
-40309
-39372
38270
-85656
73650
-65528
62257
65196
-80218
-80188
47454
-13768
81281
34905
-10690
-61820
-48906
-25931
63360
-11735
9465
-96409
-81996
57153
17540
-10050
71081
76918
56492
-73927
-90086
-77563
-78988
17737
-25765
16015
-80791
7457
8389
37415
31793
-6617
73110
-78150
-66626
64876
-93452
96361
55484
12652
70703
27687
-9036
-35106
57395
35145
93352
60630
50273
-67366
-16935
-33725
27591
7020
-71379
-33679
-34644
-93334
-95416
47372
74590
47154
2458
2556
-27350
47913
-85631
-67893
-67929
-78413
-87295
-32143
-25027
65463
-36227
-12126
64813
-79316
49394
-76573
-79144
9653
37954
86367
66913
34049
-28037
-10219
-50663
4868
-94323
-59788
-16744
-78701
97146
5527
47660
82635
-88421
73284
76973
58619
82489
56300
-10102
-60436
-9452
-45137
-63503
-89503
-78412
-13815
-86835
-8407
8000
-92241
2714
-90968
29407
76857
32620
92558
-35817
-21925
21900
-36288
59813
1480
-10125
-49393
8330
-80248
-86820
58008
-42354
-98798
4871
62105
-28363
20935
-43692
-13679
-16423
-23697
-6669
33
3360
52379
-29161
-61180
-48601
-49603
-59836
-80259
-78712
-61920
-37692
80444
64894
83121
-4717
10992
86455
89419
72538
23689
57417
53506
71001
3640
-55817
-76117
-78352
-23957
66587
-83852
-84773
59282
-13636
32711
-21226
3747
-98338
-71032
59472
3520
-97943
18756
-31956
1939
77268
92261
-10197
29452
25815
-5516
-91673
51733
54068
61145
73652
-64958
-58636
53306
-44184
-42211
-36729
-64918
-51535
88819
-37406
32014
-29242
-59429
48934
3641
37353
-74217
14685
26438
84809
51822
-54484
61441
-99912
-25370
-7686
-23456
38543
5695
-92913
-24008
-14949
49021
-97235
-30503
76051
88417
69865
12530
32630
85024
17595
-5253
86373
99296
-25108
54152
-32036
-39260
-79861
57495
-47330
-70779
-67992
14512
75246
11100
45460
91615
62860
79847
-38505
-98610
-19258
-64540
464
31313
-16947
-26733
-5792
-1223
72821
-92501
-47218
10374
-68233
-94581
25450
-32545
90130
56416
-72891
52339
-24981
14488
-83507
12008
-74190
19770
76303
20035
95191
-42708
84097
-3739
72477
-63181
-14709
-13822
-30827
-23305
-43200
77793
48967
67437
-34121
-75428
-42243
-15310
35719
-48376
-63050
-27113
-63177
-38421
-944
-40694
-83575
-55010
65569
17450
81510
-59704
37591
25506
36800
37224
60000
69535
48390
75110
-96738
37637
17728
59162
5343
90215
3646
49653
57010
32046
-99712
3975
-91173
32124
-60379
93520
-44958
-47801
30169
35290
-57389
-73011
18089
78809
-65448
75849
-8670
15829
-85634
-6035
-38908
84360
8387
-73367
12706
79319
45247
46913
-1175
-13783
-61956
76668
45378
-16945
47600
-32825
-17268
-68961
87547
-77106
12782
-12931
-33413
-23228
-91209
-6451
-4475
-33599
-39354
-72595
69553
44627
71285
-79865
83671
-68651
-82994
72369
-71915
79164
71667
-95366
34723
23006
-20641
4913
95849
-5449
-94739
-820
-66645
-76375
-24486
18893
-25554
-46762
25992
-64583
-47180
47222
90660
25085
-31760
-91387
92347
-41345
-17306
-35212
-92412
-60683
60869
91157
-15245
-30929
37320
-42623
13077
-26875
14478
-56835
36924
-74921
-20409
-89834
-27042
-95434
66195
-56105
-35115
30045
13110
57937
-22453
98460
-11548
21675
-95737
80174
-6575
-17159
73776
73009
24311
72104
-69629
30763
-4849
-74335
65003
-55660
-88175
12606
-51316
47177
87717
57199
88689
-48306
-9204
25581
123
-27828
-26891
-4756
39313
70442
92888
86324
-19329
60212
-3720
96106
-48691
24302
84478
81668
-87039
-84128
-22072
78373
61532
24988
44665
28532
-94035
35095
-15447
-42972
-9924
-64539
-55306
61041
78496
36381
-9451
-80937
-45285
-44314
42062
-42184
-19531
-15742
81438
46600
17243
-86484
-79552
68475
90798
71807
11184
-65393
-67801
15720
-23483
55291
97897
73567
-10222
76480
55331
46640
-30792
-29880
-75355
71930
5303
-47306
-52857
-48345
31685
-77200
90932
88200
70291
16436
3744
-93819
46365
-68106
-63734
26272
41035
31084
86235
-96169
20989
26627
-91744
-23420
-30080
-12459
-52284
54105
-49840
-92886
-63476
-13301
86496
69240
14448
62731
-83409
-52510
74012
-45750
-19523
-67854
42179
-80002
-15237
8937
28100
-79017
-59839
20830
-31108
8762
83191
-68024
-76888
9418
-91724
-6652
-52420
-52946
-23859
-19634
-52598
31996
83012
61758
-72310
-51440
12949
31052
6195
-28661
79690
-95000
-77711
-23595
46625
68053
13682
86403
89401
-39071
39191
42487
-53427
-38769
41573
40459
45570
31932
86761
65625
-81614
60851
-95618
-29921
-29172
-85994
-65822
98112
54518
64546
52931
86174
98759
-23816
11068
7562
75466
68315
-77117
-64078
-12918
84505
-22771
11374
74073
91218
35652
35144
-24701
-92475
-31067
-7310
63913
-20685
48989
-69452
-15799
79280
4759
-66640
-34921
49390
68448
26885
1755
-62429
-33790
50069
69494
45294
94626
-73938
-94779
-10517
-59471
-23573
6076
-52883
-59729
-98621
83806
23708
-14380
39572
-99689
89094
3876
-80050
-72911
-54461
97332
-59533
-79162
56833
-9827
-37109
28009
-20474
-56991
35547
-28972
-10168
94329
67830
-29860
-48884
-56482
21303
-42155
-40569
-23489
-6253
-40172
-77710
66229
2843
-81887
77474
-36385
-17996
-55824
-98252
-25773
95221
90504
-95708
57273
56601
-94540
19347
-20974
-72740
-5917
-9770
1262
-11690
43798
-15104
24951
-42471
-87052
84390
5600
-17915
46811
-25865
83137
-19478
-65698
10736
-33679
-18576
20536
55840
-73258
28035
-65744
-87435
-79327
54251
-94663
36606
-79147
-17339
-81602
95186
74003
62848
-33442
-97084
41208
-82453
-69664
-12124
-39279
46471
30710
73450
86149
-2867
-47693
59124
-74032
78989
75343
-25840
-21082
21481
6091
-48042
-94541
-61356
-22925
-59923
-78618
-84959
-52334
10946
-10421
-80036
68548
66371
78186
-56951
-81599
-59822
90319
30561
67580
-2804
-20475
25011
45366
-48390
71092
-21181
71332
57889
-16802
-92497
-45054
94369
-17911
-92331
39536
83694
33390
-58757
96689
29661
-26701
36389
-80887
12090
-37066
-63412
60413
-32930
52421
183
-34961
-42714
-13326
66009
22016
14710
72899
-45961
-77617
75107
-64910
91456
-49635
-44755
-68374
14306
23845
-69679
49750
-64140
72343
-66776
29866
57363
-29893
-33697
-91528
-63068
9465
17531
19452
82158
-51502
-56612
-11826
96469
7190
-3750
-54832
-44407
98087
-84078
60327
-74881
10598
23927
85397
80427
23040
97130
-8645
43622
57525
66876
-15497
2222
-50720
69172
-89929
-18340
-31958
54450
-20623
79058
-79526
-82209
-57275
-12586
-88189
-21868
18376
-30041
94750
-15617
83187
73135
-62285
-91604
-83291
-3309
65772
47282
-78593
-36606
-15549
79958
-16266
95230
27035
91589
-90220
-90117
-91490
6528
48599
-14082
-6472
57767
-79187
-10270
4223
-50082
-37594
-67793
-56621
-33982
-63232
-54940
-35386
15962
51577
-96223
-30161
-7361
47339
-99803
-32096
-11712
43005
60364
-23500
-23248
-87672
-27930
-53887
-21765
73910
-32782
29624
-33370
73978
-81984
-40446
-34801
-56280
-92726
58129
95134
62086
-71993
-85968
-97693
56451
-75486
6483
-42099
-60468
26606
-71607
18567
39698
77986
-63495
96500
58393
54021
-83330
-3478
-85325
58654
-41748
-10436
14218
71825
-66237
89403
-92518
53461
8139
-24332
-49860
-51556
-14220
77267
-2407
-84360
-96522
-52234
83073
-76340
-72286
-61520
53896
70430
-13954
-77903
-36524
-7549
-61629
-5991
-71119
-72931
-64114
-65595
13353
-61693
-36035
8919
-40736
54135
67202
60381
-76463
99847
-47674
-39102
57025
-32101
22262
32186
-60351
3594
87762
38744
10299
-61544
-74311
90436
36283
80733
-45609
-6150
-20397
-71637
-46557
59312
-25514
-63515
57861
-58344
-89355
50676
-38529
-34490
-40707
-94311
-1837
-49241
-76061
17586
96693
-5830
57719
-43948
75180
-34197
-69650
84100
-31128
-16577
90147
64119
80159
-62546
31143
4779
-54752
43793
-36731
83466
-61087
-66749
12394
41133
62860
14125
28749
34939
-37100
43983
23620
-96320
-30984
-38064
-29309
-15740
56810
-81605
98415
64049
96205
1074
-6849
-82224
19829
71942
39463
78116
-66743
25042
-37238
-20929
19219
11224
-92719
69730
46018
69155
23118
53661
-48286
-4014
-26224
6573
58481
-67240
-19678
38895
43367
35926
69064
54052
14034
-18042
93092
56840
7158
-10412
-92208
74898
-29361
96905
-94524
60377
571
-74499
-20082
59680
20947
41028
99897
35438
-39069
79958
-6388
-6520
40859
-97683
634
-83655
-62643
61373
-4711
-23311
16520
-49843
97278
52522
-14570
-14005
27968
84296
69189
-62382
-44844
-81745
-20483
-48016
-60811
74258
10598
-43905
94689
-66074
19502
4000
64418
14918
-81347
63798
23315
-36834
-72242
27801
13876
-60672
78189
-20200
-87930
-99852
25419
-53366
-65329
82668
-70151
3155
-75562
-51474
33735
2230
-75407
-36554
32331
69718
-42896
-42146
62297
45934
26934
-22947
75360
-23980
73804
-55967
7632
99904
-46706
83757
-12919
-90467
-37342
85168
-51622
-25892
66069
-70637
77239
-54920
-59961
-44532
-53291
-92886
90976
73409
-4552
-14601
-74282
34884
99457
73593
-39227
-62242
-39289
-76999
-26193
11724
92400
87098
-89757
-61818
39515
-76395
60058
-89363
14813
-70919
-2122
62951
28508
42429
-9180
44307
-35867
9712
61469
81239
52774
-7652
-31520
56062
7041
-30549
66162
37036
92007
36493
3023
-29177
16925
7665
35117
40781
-97031
-51955
77154
-30877
-51697
27951
-89118
65634
22685
2342
45513
27983
-71647
-29737
64897
74478
-75098
89049
89049
75095
-20850
59651
-39181
-64613
-63449
97531
-21591
12697
-99953
-11050
-2526
-30375
-59854
92179
-9885
-53951
-93992
52413
24334
77533
-21784
-50192
24313
-97665
-95328
-40664
-68322
25592
-93081
35115
44029
29679
60182
66580
-31886
94988
33493
66117
90219
25742
26161
70255
-68280
94013
-20112
-17342
23535
-69226
53839
49170
86101
79643
68554
-72233
-80873
-160
49731
50227
-66191
-98167
-86994
31014
-68125
6757
79462
9452
6753
-84736
-52905
65507
95622
-7248
17459
81569
-25512
82685
17501
-42974
-70395
-80166
-3091
-25352
25923
77259
-79378
32103
-62262
-49380
65927
40748
-5281
30311
-34620
96999
16923
-96818
-89845
-21909
-31009
91957
-8326
65347
41470
-12940
64956
-67513
-44669
-3469
-42400
-41697
45392
35400
9091
55541
5309
6030
74473
-5998
-21371
-70508
-3352
-88220
70048
98084
-6457
-81276
59419
-73239
60562
23002
-38144
37359
64560
-79924
20392
38375
32930
-93726
16165
9240
-24190
-38135
-49670
18445
34290
10827
-46014
35831
54835
-79654
-3250
65439
-76616
79356
-14150
-38702
-58334
32219
-37916
-48094
-70726
-59391
98111
-1821
-12143
85867
24682
-54384
-97308
1102
-84873
7220
96190
-99492
31589
44095
78519
94819
-677
-46273
-19859
21788
33476
-50044
68220
-19238
-76333
95751
54411
-65830
-4514
87338
51723
-37558
75363
33767
36668
-43942
84983
-13587
37219
33096
-95729
-3745
84172
57407
-82102
-85512
99654
-76908
-64460
-33506
82311
-87135
78753
70513
-72295
-65268
-65715
13682
-23403
94758
-93722
76630
-31886
-42823
-42657
-42672
-20426
-1224
63532
41269
95686
14320
-5869
-90073
13781
-71606
-61441
60035
-96219
72486
40106
-44656
-61842
-30795
-11137
-25536
-76406
73474
15783
86172
-4524
-38593
-35473
-78336
58677
-79312
-26743
-26854
91388
10116
-99380
-39996
-89935
49485
-71751
62223
-58308
-22147
71638
47687
30824
87472
-97038
95424
91557
-72720
-57677
-63649
90515
31885
79316
25536
79873
36678
66973
54018
35071
-5485
-17574
26259
50140
56639
62182
10304
57354
73
-15343
29812
-88598
810
4688
14475
-66049
-31849
73813
-60670
-52566
57719
-81293
65179
11555
-44493
-76575
-81109
38377
54372
-61841
62637
-15554
88925
-82387
62235
24194
45721
89252
-17211
61439
56292
8613
26290
-53332
-18480
-48179
-92770
-79371
53800
-59843
4125
-13370
3801
-25669
86244
80132
37331
-37775
1363
37584
-57962
7052
10235
-79589
10044
-86292
65803
-53115
-10485
62060
-88879
23788
-81878
-29194
-71196
-88668
-16824
-82800
-74284
-36875
-41612
51834
90229
92556
87894
39888
10069
-20076
18627
-85235
92311
801
52212
78628
-17427
-76646
-43802
35111
51502
84456
-67086
-38047
95206
72990
42578
56537
-32134
-95765
38676
2862
12452
-16149
73573
-82484
39390
53081
-4180
-65224
-82494
92556
-65406
92640
64596
21618
77825
16629
-32066
58302
-50261
35005
9358
31106
-36526
-32417
26557
-24109
-35501
-18544
97308
43681
-28977
-83331
73818
-20437
77959
-96362
88848
-39302
-52123
-30151
85271
-53331
44582
7759
-2200
50930
38917
-12478
77848
-18080
91139
31677
-28626
-27447
18369
-94028
92215
-7150
4830
62507
92838
-33598
43658
-15997
31157
59947
-83089
-11751
23228
-92299
-13004
62590
41471
1776
-11177
71225
67142
-41877
-58373
68896
-50431
39291
-3603
71715
81870
-10238
83261
-3778
-80902
-28529
-78747
21459
-77890
-71113
66488
93624
1071
-34933
34127
1782
-99229
31462
-99260
82970
19677
91275
71002
54254
-49763
64846
-1968
-35102
-20649
96006
-73604
-92238
42422
16251
-98286
-38303
-10893
80420
-85334
-21689
-98660
49493
54057
2410
-25413
43859
53530
25661
-27574
76491
-98744
4550
37830
3921
24803
-18897
-1067
56596
-11620
-63295
-84259
-67264
3579
57318
84590
-86602
-34777
1279
-6891
6225
-67889
56544
11376
-41428
76232
-78722
-44869
15361
62697
65924
97398
-17405
97804
65791
-6727
65917
9191
43460
49367
22490
-64924
25393
-98994
88110
-53298
74
-33989
53059
46655
-75894
2865
21415
40818
6302
-43311
30486
-82430
-34302
68239
-55181
94635
-85100
80655
-47790
-84586
14068
7320
28095
-69186
-28214
-8606
57458
83657
16431
1203
-82213
68752
-22721
74157
83016
97812
-7645
91302
38655
77251
92516
-17249
-90126
44909
24994
23004
91123
-14178
-73944
11616
-77133
67961
86246
-63682
57476
38496
49936
-61152
42603
-8300
-88615
66434
1436
51993
-20229
20406
-54476
27883
55272
82618
-52525
30577
31391
-94378
80257
-26589
-54493
34058
-81295
-50838
77323
-16515
65928
-44266
90059
-56123
-16080
17456
-36395
32014
71134
-67154
-6905
50151
-24137
59947
-7745
3939
-23991
-56675
-32878
81803
-86267
42874
58120
-6249
-54983
-12479
36933
-34264
75851
-80782
-99415
-27505
-27294
69614
83239
-70294
64627
-56867
22990
-48265
-12979
-88612
41580
17257
-93660
-14425
-96557
20120
80564
19831
5818
65009
-31144
42732
-15172
-38455
-48326
28069
-49912
56806
-70846
35928
57277
-67200
-78722
99256
69375
-56516
-2570
93999
45667
45664
-66850
-26630
-51740
-2945
-41965
74746
-8285
88080
5638
21194
16246
43269
88784
-84767
-84678
88777
75221
18160
95175
89374
-59833
2329
23629
73985
-44499
87437
-23942
-60555
87291
84220
63463
-92332
-9712
16325
-26112
-33974
29905
-57318
95173
-84445
63530
8414
23531
41727
-84563
-44100
38049
-54276
-52688
22268
-76952
-35691
43042
91131
-36108
18892
31888
76426
-88010
78835
-26196
79770
-83555
94116
83052
94374
-38573
90725
16272
-23422
-57302
90054
-26235
97778
59922
96948
-46766
-57772
43779
-63370
70681
75522
93026
83107
68262
-15627
18565
-15021
-46720
-15892
-2621
-4353
98041
79683
-86279
-4838
39471
21468
-45888
19100
-90910
11828
89467
-84938
15754
-89499
-23638
-33861
-4759
-18486
-90439
-2375
-76783
68657
8437
-46899
88118
-38334
98316
27707
80875
49721
36830
-5367
-76035
31165
37687
-76031
-46697
-78866
25340
66413
-49532
-63882
-79399
66010
-59830
69211
47434
65462
-57772
-77336
59110
5726
29247
18310
-13611
24483
-70046
-26686
19374
-49932
38079
-65882
30483
43534
92445
78109
15392
16834
59321
85772
-52428
6702
-69607
-81578
67754
56114
-89643
-4208
-244
-37761
81032
68128
-48073
11259
-7298
88278
-1519
65490
31995
-90030
-86380
53286
-24033
52668
27706
-82022
-70795
3601
81214
-96361
-51296
-24740
27857
-2646
9112
93741
-9545
-86110
61926
-85415
98391
73290
-42825
-22637
-70860
6402
7470
66374
-16480
52759
-96483
-752
59902
90927
-16655
-60680
48672
38602
-14192
83106
-19582
81343
5242
-53620
-12267
-48138
10137
12405
-89117
18536
13586
71642
-61728
-89931
92145
-77779
43435
64299
47111
-56121
-91014
93541
49872
77482
79505
96451
-51336
-58410
-52445
67444
7561
-44519
69451
-7507
-10838
20786
-34821
80916
-95092
-21353
73196
4032
90195
-56160
-55339
-74861
22379
-27083
-62390
17331
-15544
-80177
13800
53343
44507
74582
93652
37814
75354
70203
-88155
-75881
-1680
89269
-79398
-5948
-49925
-64532
-74616
10027
-44640
-19450
-61193
-55253
48339
97095
-92896
55640
78688
-53825
65901
-56859
-87286
89669
69745
77697
-70529
31462
25487
78890
89929
5286
76574
-20570
-33399
-66097
86236
-31312
-25183
-29040
-82245
-10201
-93553
40303
-92794
-39749
-17508
-19413
67961
-81787
-90012
40178
-17386
-86775
25583
-3552
32688
98128
96505
278
-88473
93189
58265
-68373
-62126
-42108
-11333
70704
45271
28402
94262
-62873
-36145
52987
84217
91951
69289
-36471
-45059
50922
-47586
-28966
-69811
-29995
-98083
58666
27809
-93027
-14009
-88794
-83033
-68580
69955
68628
50031
-66304
98358
17673
65224
27047
98490
-76809
-1115
45593
-35543
96534
-6396
-16025
81290
91923
477
33742
22481
-79102
21193
-19115
-27390
-18669
-35936
21968
-57342
9555
-92236
-68174
9901
-91380
96088
69878
-96652
97766
-92788
-2705
28120
-76032
11781
41632
-62701
-5835
-98775
-23748
-40298
65597
75934
94994
-7029
-28084
96508
43869
-76637
56790
-3221
55862
16548
-35727
29910
53931
-88528
-29835
-94902
86701
-15091
65001
97678
17901
14945
96093
81338
-42326
-52249
-81380
81773
93260
9719
32441
40628
-16742
36902
7101
454
-1263
82805
79680
27646
13560
68326
6812
10007
15193
-18003
-39612
-81373
-74648
29136
-36736
-28487
70635
-58587
-91083
-53144
39693
-72232
64270
80399
18775
72358
-43104
40548
-28019
-57790
39525
-91348
-79345
61115
23413
16856
-99283
-74957
1146
31252
-21012
44388
-30506
-55586
-13333
-65652
9846
53753
62210
-16737
44579
82042
-43443
-96167
-72118
80589
-73303
7656
-37062
82126
89470
-66928
-70154
-3171
19095
-28493
87413
-61988
49988
14262
-52806
44631
-40421
80148
-73032
90976
-66635
-2014
13504
22365
29161
2102
29617
-19960
-4018
94389
-56916
40136
63234
-55613
94267
-11844
-7593
-74281
22986
95038
96456
66404
64114
88077
-93794
-3049
-48298
-25689
-27893
28296
88596
-4169
-38637
59425
-43134
59078
71157
-16367
-42314
-96078
-76054
-28058
-69713
28697
-11333
-98396
-13310
-91574
29522
-28683
-9643
-25019
30861
-72081
1139
53923
-20295
-68987
49961
37845
-7094
-95252
-61967
91854
-19094
56064
-54412
56331
60492
82956
-88079
46776
22798
46003
64091
88832
-83001
-19856
30451
-7200
-88914
53768
-74081
47706
29200
-12049
26721
82817
-11268
-46141
-43962
-72121
88843
71837
78674
46444
64146
-81779
-12605
31568
-66513
-34549
-27389
78857
15340
16240
-97260
-62967
-70094
75805
76146
-98118
-9681
-45438
81289
61648
-61346
-3419
57943
-23123
-18497
22203
-26285
49115
-54168
-21290
-84361
-5044
-77430
41769
43582
-54356
-38725
-80347
-60877
26855
-96803
-29022
-58559
-80844
31293
-95629
-40440
-24978
-49820
33982
-4301
-26173
-31524
-90345
20162
93266
-22049
2011
-29032
-27851
69814
71628
-32125
95092
-10623
-74394
-87564
-63234
5609
-52663
47788
-38809
-81444
-11818
-9297
-87826
74106
-37679
-86769
-96682
55400
-23537
-39569
20383
-88333
49492
7691
53966
-16523
7348
7490
22371
27417
82822
-44315
10128
-28248
63926
-11820
-95891
51654
31411
-69545
76142
-89663
-59561
49886
13536
-21346
54505
-2855
54924
38673
-19509
-4487
-33018
-63594
56796
92543
-47333
-76439
-9766
-18600
98931
71714
9396
-90245
1213
-61133
38239
-48390
90769
85753
91883
4050
-13045
-68591
39882
43099
31224
-78022
12436
44703
-32598
-62538
-14599
69867
-8865
-38133
63525
88847
-65181
-37391
-69249
-99101
98028
-23423
49146
-76311
8187
21332
-88444
-54744
51392
52782
14667
-11686
-93559
-20296
41722
-94495
83420
-58819
-73188
43612
-37958
-57785
-75578
-31910
-58212
-65177
-5176
21007
36126
6773
-18647
54357
27944
-74507
-7409
46851
-88148
7235
-19450
94742
-34326
57848
-42378
40483
-33767
28770
25417
68133
-64375
-27481
-33589
-72316
46987
19584
-87944
-83884
-81777
81626
87960
97290
54072
14028
-50801
41434
23333
53873
42690
-61627
82013
89041
-19177
79852
-86335
71648
-53783
13766
69525
16303
54710
53882
20411
11239
-21138
-85324
50546
30999
-97417
-22279
-31381
-59080
49958
-39227
34455
-59392
-83257
16077
20979
-93704
-1206
-72686
-51524
-77371
14080
37023
-99807
-75636
33272
95649
-31419
-63425
-60317
40750
73190
-72627
97983
41262
-55503
67502
-68669
-52865
58626
5246
90928
31705
45575
24917
97248
-91014
4194
-7536
-96354
47926
5545
-2086
-72867
-5194
15717
-33873
54031
51353
-8872
-78535
58667
28567
71215
-96091
69045
78785
-20109
8738
-42795
-25654
14948
14196
-77322
35431
11384
6248
-72653
-93527
82362
49754
52177
41929
61719
68037
-62141
39336
42707
-5119
-3514
-18950
-78846
-89900
-57669
90285
-68000
-36764
82548
-71215
21928
-79959
-22459
32293
-36694
56973
19952
93366
-75823
6970
99441
12461
47058
69635
-89761
-24702
-159
19953
-80429
74873
-38518
-92315
82344
-47191
35920
29451
-41798
-33077
11339
-11182
-18146
70554
-66520
-6982
-81942
-2809
-66533
95178
72765
-42035
17166
-34749
67280
-97995
58157
88986
15935
94785
23068
84004
-23244
51881
95062
58670
-9625
37423
-20155
-42842
-23540
-72124
-37831
30090
43680
-51691
27023
-24450
-3239
-29131
-86471
-52925
-7039
38798
12855
-5721
47952
-23367
-87048
-29155
-22007
-70249
-45826
76702
-19414
-26101
43983
-77148
-18771
69667
68140
41441
77090
-4807
39764
-77922
-15902
50755
-68787
62800
-11208
-76857
34453
2596
-55453
-10423
-51551
73630
96131
27749
-89396
-42507
-83364
93446
34874
8181
-89835
90848
71364
20350
-69843
28930
-37992
-65837
71079
17273
78571
-81212
45176
70219
21787
30549
-6423
46762
83661
7024
94422
-6366
-57092
79484
25188
25269
55863
-14279
-57548
-11770
-84991
-95109
16991
18184
-81135
82395
87119
-47201
-87388
56882
65730
-13805
-10967
99951
95195
66799
-53075
34354
79116
74885
15260
94257
-88413
-64450
-46998
47280
-38514
39937
-58403
8916
27830
96703
-25295
-7241
-23294
-50747
65513
-55786
4026
-60691
-36251
-36876
50134
-69428
-14234
51047
70136
21396
96173
-26529
-67900
8411
-30066
-74545
59431
-42909
66075
14905
28924
-84217
-6111
69661
-63575
30566
35798
81044
-31811
-45250
-53868
-40754
-85559
-34250
-90912
25811
-64983
-8860
-24001
-40685
51812
90834
-71329
2831
14612
61750
52988
7123
-83924
62488
-47010
15362
70632
-35742
-4840
49215
-80911
-76675
-22688
-92732
99700
-70476
-59593
23180
63031
59134
7021
-25645
-33913
5701
-26265
-10981
84894
-47729
-56941
93498
-4171
-67250
-69277
-25464
95863
60451
-91268
-62905
42376
-49197
-3517
-47380
62921
-48839
-68195
-94301
83378
48783
22724
24917
-95616
68960
-6506
95064
55776
95125
14913
25244
34919
-66451
-99902
95821
26043
-47316
-98955
-75097
-82565
-46156
33938
-74980
-84490
6650
-81993
13484
52453
-7454
57767
33697
28537
-2387
34009
-84426
57815
56010
84166
-12808
71343
-62909
-9014
-34337
82736
-16952
-40026
-97223
-43960
-96278
-60590
-62357
-24893
-32344
-9728
95388
73690
11315
66324
20263
-60667
43816
-93923
91251
61217
-93793
46708
-71840
-37433
-45896
31971
-15887
62576
-78267
90916
-28530
-44187
44218
-67223
99147
53791
88345
88740
83156
58640
21811
-76435
-80849
-22988
-58916
-8139
30777
-74560
17782
11106
-57286
-710
-42685
-61526
-13647
61639
62685
-19960
-61503
-73045
-20267
7841
53283
-15775
14476
99102
14353
75847
-17003
-79151
62496
-73622
-54986
55761
53321
20508
-88097
-74297
-84790
9593
-11046
57810
-58306
-68320
15043
-42175
-61311
46922
-88418
-87932
-26963
-78362
33648
38923
-60025
88688
-25417
14104
85447
-22048
1070
84944
57146
19383
-10280
-46114
-33184
-36617
34264
-70175
4333
-95654
62249
-50066
24898
-32762
22552
92734
66260
4806
-82824
66662
-22377
6120
-70070
-94972
56296
39011
-80589
6981
10476
-88824
29246
72962
70636
-10398
-93878
47488
-61430
-72495
-62281
51798
-4242
4781
29285
49535
-85603
-5651
-7427
-11233
32318
52639
-69567
74440
-3494
26372
58803
63177
-84338
-49290
52470
-28040
19012
23404
16413
72688
19171
49723
458
80581
56813
-90804
91820
-49215
-3115
34839
21939
98028
-51061
-67192
-77111
-62539
48735
10170
-90055
57427
-75072
-55566
-54254
82340
-46025