2,122966 9,203420
2,492672 9,655583
1,803407 2,345471
1,943492 8,658772
7,995486 7,261077
2,346578 3,594872
6,831323 5,383441
2,901459 8,522512
1,999171 9,702788
7,602010 6,108028
7,247791 4,820118
6,222880 6,524300
1,982827 9,760588
2,519185 3,047538
7,267583 6,552831
2,580154 8,730553
1,813853 9,476610
6,306197 6,374888
2,738847 4,602722
1,024506 9,456661
1,353096 8,094062
6,729303 5,899983
1,611864 3,892892
6,223524 5,291315
2,084861 2,922688
1,652317 8,009504
1,514278 10,225036
2,005621 9,208940
1,955444 2,586462
6,006567 6,214326
1,368575 8,421239
2,110974 10,271941
2,396359 9,781211
6,551895 5,582045
1,617832 9,248913
6,380771 5,780159
3,076180 3,804886
6,786945 6,264249
3,001862 10,253019
6,964089 5,035962
1,645078 9,643124
6,371900 6,211592
1,678823 8,797750
6,843110 6,998571
2,836901 2,867178
5,429195 5,611688
7,358035 6,985829
3,069012 9,269434
3,269416 3,404041
1,232051 8,898983
7,351445 6,960172
1,555967 2,658257
1,521671 9,942527
7,134767 5,748496
5,994872 5,566679
2,412992 3,694516
1,456139 3,539871
2,060212 3,489864
2,989351 2,598600
6,261821 6,115313
1,590266 4,201407
2,070191 7,996153
3,129135 10,215210
2,159054 9,240718
6,419524 5,736330
3,008877 9,433650
6,931902 5,506327
1,342041 10,552996
7,337647 5,733756
2,802521 8,949951
2,012334 2,490039
2,202301 8,513593
1,846546 3,894116
1,074805 3,143241
2,997273 2,166675
6,347563 7,414106
6,805540 5,763445
2,708090 2,493488
2,054047 2,663704
7,932441 6,487871
1,564549 7,976570
1,741811 10,411759
7,130103 5,006553
6,775554 5,294915
1,999542 8,372738
7,067834 6,695395
7,014072 4,935388
1,089817 2,351419
1,607424 4,631411
5,770323 7,326388
5,768604 4,582031
6,740696 5,393061
6,710711 5,579022
6,734056 5,717782
2,005080 9,245442
1,334698 2,895133
1,825178 3,423420
3,043495 2,474823
1,876482 3,486642
1,316369 9,084478
1,280028 3,602198
1,934472 2,433178
1,399723 9,864942
6,911395 5,333122
2,457556 9,954728
0,749321 3,348570
6,560872 6,534175
1,046302 9,229609
2,517472 3,587545
6,949955 5,723934
1,241705 9,477699
1,482149 9,644455
1,621596 3,157747
5,452787 6,336477
3,281382 9,055279
1,090312 8,736790
6,260050 5,872496
6,397157 5,571770
6,251101 6,567949
1,999722 1,950689
1,881475 9,150522
6,160268 6,094256
7,475895 5,900614
2,707490 8,553376
2,272836 9,132810
3,046627 9,240633
1,063399 3,737055
2,267259 9,836185
1,173993 9,293010
6,732276 5,334163
2,258086 10,267573
2,000278 8,667634
3,276247 3,587680
2,014704 9,022590
1,070382 2,563672
2,135411 10,102537
0,548186 8,845394
1,412500 3,241638
6,944323 6,284068
2,179236 9,906724
5,715455 6,213554
8,060986 7,073225
6,642871 6,225687
1,906664 9,462847
1,826104 9,192218
1,222659 3,675670
2,531202 9,437121
6,373844 5,374032
2,529922 3,304228
6,775281 4,875847
6,908647 4,786312
6,660150 5,334780
5,643288 6,218634
2,538022 10,229744
1,364359 3,023298
1,612670 3,837369
1,590635 9,605336
1,799588 9,212864
7,671805 6,728932
6,923423 6,727068
1,947173 3,244101
2,786366 4,673634
2,308172 4,041711
7,296964 5,634755
7,364086 6,035298
5,732618 5,809762
2,542329 4,576711
6,584890 6,371353
2,573154 3,490252
3,147921 8,657591
5,620174 6,617872
5,815818 6,478679
7,087984 5,694593
2,852887 3,492514
6,515789 6,047826
5,818215 6,993123
1,177120 10,187403
1,695174 8,685434
6,618278 6,522729
0,938632 4,209481
7,081495 5,181053
1,106195 8,187701
1,638233 9,507318
7,818129 5,971998
2,249251 9,059845
1,943915 8,837394
7,084861 5,943880
1,696330 9,405179
7,071132 6,073703
7,074238 5,024250
1,071994 9,061480
1,554517 9,441228
7,513306 5,554294
3,066028 8,332148
2,371690 9,127556
7,183736 6,431270
2,252747 3,239339
2,067189 9,238610
1,588042 9,579684
1,528229 9,248829
2,788169 2,808997
7,022782 6,682740
3,189061 2,504958
7,839264 5,974335
1,148677 3,411146
7,041309 6,245271
6,094000 5,725376
7,709342 6,714417
6,380681 6,127011
2,336312 10,310503
1,281740 2,699991
1,522798 7,985554
1,993235 3,685920
6,172235 5,887218
1,641999 10,000014
1,027790 3,905220
1,105172 9,061159
1,621905 9,123823
5,967588 5,836359
1,948754 2,345703
2,221761 8,414869
1,647425 3,139887
6,494078 6,612472
1,556565 4,352027
0,789481 10,096387
2,601702 3,110696
2,609370 3,442567
2,752850 8,282018
2,559457 3,695507
2,084101 8,972729
1,777255 8,323398
1,441424 9,789279
7,802360 6,006006
2,032323 9,408886
5,704014 5,962929
6,848544 5,252686
1,939451 2,371890
6,689594 7,143806
7,373490 5,581974
7,533746 6,688828
6,307918 6,687448
3,243391 3,498882
1,512694 8,472446
3,308183 2,439819
0,925299 3,884967
6,949237 6,362809
2,161689 2,352456
2,185928 3,132144
7,094382 6,493664
5,745669 5,394068
7,180149 4,863582
2,427800 8,971976
2,784419 9,357969
2,441474 8,898376
1,579294 9,787602
1,063367 2,755094
1,887645 10,254179
0,765679 9,346581
1,442035 8,585701
1,877029 9,797293
2,122052 9,674583
2,592529 2,821451
0,588854 3,539414
1,312780 8,940680
3,210077 3,344237
1,996995 3,709819
1,110571 9,242905
1,267224 2,846893
7,008596 5,488030
0,573723 8,806849
7,354116 5,439183
2,031915 3,939409
6,555899 6,990640
5,688183 4,951842
0,893997 2,331923
7,393791 5,886567
3,028168 3,099223
1,613877 9,843222
6,308410 6,068546
2,349171 8,209778
7,057251 5,777785
2,418844 8,821313
7,676795 6,123983
1,831205 9,158817
2,123135 9,265720
2,467376 8,941117
1,302320 3,802276
6,147057 6,830166
3,138276 3,057501
6,250086 4,983933
1,706468 3,504806
6,293198 6,504036
2,787597 2,929070
2,388373 9,717655
2,271107 3,024131
7,258137 4,700814
2,112133 2,156820
6,711533 6,718994
7,285094 5,846187
2,314740 4,358586
6,610393 6,342210
7,344908 6,093236
2,544025 3,385738
7,316336 5,719377
2,261785 4,499013
1,141835 9,592700
2,397341 9,542341
1,932939 9,349110
2,589542 3,437255
7,598876 6,618335
3,090524 8,757697
7,205765 5,923362
7,088385 5,824964
7,925097 6,754015
7,212157 5,411777
6,880672 7,104334
1,916847 9,261092
1,348432 8,457256
1,916125 10,035786
6,561431 5,372082
6,039544 6,040621
6,243369 7,240541
2,205421 8,446277
1,136579 9,259749
2,193861 8,477079
2,450489 10,376556
0,658740 10,428496
7,028296 6,295929
3,131778 3,731916
1,708729 9,523650
1,684855 3,475657
6,044417 5,635975
1,995782 2,368653
2,650945 4,007567
2,936618 3,915344
1,945474 3,295013
1,044610 9,098991
1,463127 9,273446
7,150529 6,739015
6,083453 6,560922
1,408491 8,803360
1,838192 3,283675
5,387917 5,105608
1,538424 9,004146
1,710856 9,260982
1,729575 2,652326
6,695946 4,883783
6,359333 6,109451
6,357069 5,728278
2,277474 2,412004
2,045980 3,881381
2,098384 9,365918
6,527619 6,672163
1,729294 4,082286
1,451511 4,477944
2,540062 3,663691
7,281803 5,954875
2,444443 8,570779
1,059223 2,591285
2,025660 3,194058
2,419353 3,453897
2,275753 2,967499
2,398157 3,304902
1,194140 3,548222
2,321093 2,523933
1,781752 9,233274
1,720338 2,880211
6,836724 5,079329
1,639241 3,737905
0,927564 4,072642
6,868365 6,156615
1,556683 2,467310
1,194241 3,918078
1,570997 9,429389
0,982882 7,994158
2,395996 3,084772
2,670115 8,055773
2,284296 9,914926
7,741471 6,213564
6,829402 7,252275
1,443488 10,336283
1,377829 3,675203
2,052671 3,776449
2,745373 2,124152
1,634013 9,242654
2,056200 3,387938
1,435150 3,709360
6,744710 4,885123
2,153271 3,940209
2,051952 9,020956
2,667418 8,384224
1,528741 8,210805
6,761005 7,009882
2,554285 9,207734
2,000889 3,464078
1,495887 9,775083
2,027336 3,675285
0,427812 9,740282
1,733620 9,916728
1,926072 2,904677
2,286241 8,957402
1,947807 3,080456
6,482635 5,502621
1,589529 9,634164
1,840423 3,112951
2,624956 2,197740
3,007227 9,830644
5,923909 6,869745
0,836856 3,315530
2,657852 10,095236
1,944446 3,489553
3,056133 9,578084
7,289875 5,413907
2,554955 3,277666
6,715089 5,846603
2,364831 4,300473
1,057854 9,894414
3,076089 3,114026
1,657923 10,129908
6,561384 6,170261
2,003383 2,938825
1,667481 9,242713
6,649218 5,083163
2,378776 10,414724
1,545668 2,624035
1,280901 9,975775
2,306994 8,399434
2,952630 3,525649
7,567707 7,011980
0,819106 8,418902
7,015630 6,492776
0,786159 3,166065
1,560068 9,112477
1,573002 9,260512
1,516178 10,135775
7,317285 4,836030
6,712417 6,750990
6,728488 7,261802
7,370980 5,612934
7,684980 6,155702
1,529791 3,254774
1,779571 9,253806
7,595349 6,468712
1,130307 3,624604
1,632773 10,049688
2,166612 2,514517
2,329324 10,344705
2,756252 2,155961
6,934954 6,604996
1,731031 8,398021
1,654690 3,036469
5,834686 6,120853
6,434252 6,180343
6,311721 5,907488
0,841148 3,526347
1,229301 3,757127
6,519749 5,212497
1,973030 3,384792
1,046582 8,137718
1,376957 2,867344
1,342072 2,166130
6,245854 5,648087
2,259330 8,573007
1,791612 7,842956
6,702890 5,460577
2,149545 2,688058
1,211801 2,636095
1,277820 3,504388
7,054251 6,921675
1,389704 4,581959
2,478593 9,230470
1,106312 8,949496
6,462061 5,359028
1,934831 9,307843
2,373906 2,731475
1,728444 3,242952
0,983422 10,287086
1,391715 3,373994
7,615005 6,000581
1,924043 2,916549
1,185016 8,458364
1,720044 3,549084
1,563879 4,291531
2,405272 9,376307
6,398598 5,844625
1,020520 9,463951
1,598237 8,588361
1,719804 3,039133
7,017804 6,142657
0,839558 2,674346
0,832500 8,838047
1,318864 8,865318
2,809704 3,651540
6,341210 5,694814
1,771858 8,874054
7,161985 6,095441
1,955134 10,212145
2,036572 9,451341
1,519526 10,284060
1,925358 10,161502
6,140650 6,348142
2,893583 9,715840
1,294532 3,247956
1,969142 3,824122
1,264257 9,262549
7,349076 6,272658
1,489473 3,396390
2,884063 3,280706
0,989217 9,472556
6,684991 4,906771
2,073296 2,750077
6,535683 5,680853
2,521349 3,390961
2,433831 3,851092
6,434001 5,665085
5,511851 5,574957
2,623962 2,598190
6,419875 5,758128
1,805395 8,759831
2,135707 9,222221
6,095272 5,860293
1,511305 9,092745
1,150800 4,146923
5,562010 6,621780
1,853420 9,584450
6,621376 4,830926
0,879869 9,907797
6,336295 6,677370
2,262536 9,683801
1,347119 3,078594
2,071969 8,734414
0,900208 4,331758
6,611541 6,432203
1,328614 8,583990
5,540338 6,539357
1,861390 10,174409
2,063403 8,370521
7,588898 5,827349
2,688166 2,580306
1,732080 9,291782
1,873048 9,541468
0,682703 9,010077
1,299691 3,691192
7,805999 6,260059
7,207042 5,882469
1,607859 8,984708
2,803105 2,006660
3,300384 3,666379
1,000465 2,332244
6,659265 5,544356
0,861181 8,509207
7,342935 5,425395
6,466570 6,068222
6,965054 6,650683
0,883503 2,276414
3,091630 10,143107
0,946135 2,835527
1,553088 3,340100
6,641951 6,254420
6,318577 6,065763
7,007779 6,697735
3,253487 4,007237
2,076308 8,675527
6,705727 5,650333
1,466257 3,777101
2,154429 8,741734
1,315664 7,856112
2,456846 10,013781
2,627853 2,902396
1,940285 4,039213
7,236069 6,133599
6,592456 5,524497
7,418920 4,840055
2,282628 2,821429
1,002641 8,626017
6,524529 6,248001
2,077106 9,595724
2,387139 9,458691
2,079961 3,388611
1,415355 9,243335
6,353528 4,829052
2,218229 8,856073
1,860688 8,538959
6,433121 5,050491
6,794598 6,851502
2,235829 3,303097
6,289971 5,545784
2,041262 4,050364
6,496906 5,670782
2,212891 9,738603
2,385702 9,240519
5,957266 6,267562
1,333654 7,885128
1,824778 8,671252
1,945429 8,983139
6,048474 5,502559
5,399549 6,365264
5,795868 4,764655
7,762280 5,996747
1,902911 3,855679
1,982095 3,064396
6,479565 5,517423
2,488252 2,544120
5,537532 6,807804
1,155598 4,393303
1,541190 3,837724
2,228658 4,054575
6,689424 5,015144
2,024549 9,402209
5,504557 5,854748
6,977347 5,801950
0,954358 9,641574
7,108715 5,552606
5,781309 5,968403
6,488852 6,234509
1,854534 9,791999
1,491775 9,737576
6,527018 5,533120
2,784033 3,297339
1,076407 8,877271
2,305925 4,075542
1,749986 9,096371
7,109555 6,802347
5,368235 5,741677
6,635707 5,036398
2,767234 3,913254
2,259952 2,820323
1,954492 9,588886
7,509408 5,761655
2,899613 9,203200
5,441490 5,429721
2,074622 3,270954
2,105524 3,565637
5,664372 6,217015
7,500121 4,588538
2,067775 8,939696
3,173277 3,293981
2,193885 4,332023
2,113858 8,793758
2,674391 4,470575
0,675867 3,341403
7,047576 5,310210
1,877283 9,840571
1,410886 2,903316
0,917294 3,874560
2,193647 9,229572
2,714489 2,333672
0,935340 2,943339
3,065039 9,516784
6,535126 5,995716
1,496201 8,601708
2,460817 9,526172
6,164576 4,752320
1,786330 9,628461
1,708945 8,752237
2,551763 2,873486
1,689273 4,225361
1,586326 3,162404
1,518497 2,810243
5,989978 6,536458
2,386031 8,342511
1,583680 7,933720
1,862166 9,294768
1,505785 2,527096
7,641285 6,657820
6,717280 6,476832
2,444705 8,305389
7,314484 5,801352
2,312591 3,167310
1,390367 3,214228
1,793718 3,335221
6,882089 6,038023
2,287810 3,758234
1,730540 10,124311
2,205345 2,233241
2,127959 8,289308
1,190006 3,177435
5,649261 5,075042
2,125893 3,860557
1,647186 8,541826
1,470489 2,774167
1,816176 3,080427
7,666717 5,819772
6,819987 6,015218
1,557336 3,025035
2,245236 9,054391
2,597056 9,346621
3,067552 9,484028
1,487124 2,920768
1,730138 9,586030
2,615654 3,558075
2,822683 9,299901
1,217466 9,292830
6,523707 5,280295
7,956723 5,847407
1,844337 3,143390
1,808373 8,859045
7,212201 5,639348
2,205928 8,654575
6,498560 5,728852
6,584567 6,689106
2,252533 3,240102
1,756943 8,677726
6,302077 5,979794
6,049270 5,611497
1,698800 9,242756
2,071202 10,037057
2,132519 2,055278
6,643838 4,815667
6,302743 4,694111
6,625204 6,436603
2,860454 8,928406
1,601142 10,277387
6,344766 7,247749
7,644453 5,663374
1,343544 9,127336
2,821807 8,537102
1,102057 8,869480
1,534225 8,648571
2,811323 8,710437
2,442687 9,113174
1,312026 3,374347
0,637971 8,709681
2,484061 9,218147
1,887275 8,687043
2,268382 9,390688
6,411187 6,821756
1,914853 10,038030
2,234902 2,754105
2,410788 4,757041
6,710819 6,912695
2,558754 3,295549
2,769997 2,785617
1,445131 3,651092
1,377415 3,942459
1,209701 8,957902
2,041776 4,783690
7,307093 6,969079
1,957096 3,707629
1,912435 4,249254
1,941778 9,129141
7,119177 6,362173
7,350203 5,817854
2,102040 4,424150
1,412642 8,268080
2,532517 4,099715
1,767012 2,701963
2,173925 3,753830
2,982612 3,801922
2,478344 8,358003
1,955925 9,407858
1,596699 8,655998
6,653161 5,026008
2,551450 4,401019
0,806501 7,985806
7,537290 6,540271
1,739557 2,555024
6,385334 7,285587
0,741317 9,315576
1,644766 3,995850
6,308370 5,850263
2,900160 2,469748
1,295318 9,201287
6,744719 6,007547
2,149456 4,455715
0,928566 2,701499
1,285543 3,302464
6,166257 6,336848
3,093540 4,504820
2,130579 9,442183
7,203914 6,469564
2,793730 9,277326
1,965866 9,377775
0,641188 9,697085
2,583506 2,640830
2,326028 9,877476
7,361636 7,197887
7,323693 4,725399
2,804787 2,166105
0,369608 8,881479
3,268670 9,847493
6,154288 6,255330
5,890903 6,180164
1,725843 8,752903
1,656087 3,600092
2,532764 9,016762
2,801138 2,573354
6,091680 6,267547
3,062050 4,217290
5,779183 5,935925
7,074254 5,895077
5,543954 6,128723
6,308416 5,713521
2,265913 3,354260
2,292139 9,968933
2,851394 9,492597
7,444908 6,417722
1,830973 3,419795
6,810299 5,353868
6,845907 5,631625
1,799951 9,412157
2,148839 9,213498
1,914799 9,976328
6,734403 4,751751
1,661127 3,808649
1,582023 3,100447
2,601413 8,400280
1,594273 3,513431
1,452959 4,175430
2,304728 3,503567
1,328371 8,697843
7,925499 5,513641
1,324183 9,486333
3,225334 3,005375
2,002435 2,678472
2,501079 4,116755
1,207938 9,847798
2,082983 2,909534
1,611279 3,188376
8,106212 5,967629
1,950426 2,081868
1,064088 9,129185
3,127160 2,592356
1,468092 2,515510
6,727031 7,032464
1,747496 3,854740
2,439708 3,076309
2,096543 9,660505
1,956189 3,296699
6,053320 6,094202
7,065816 4,993520
2,207774 3,596864
1,401734 8,848839
2,161479 2,462910
2,481656 9,221607
1,936545 2,832396
2,043676 3,261424
2,246139 3,512247
7,941485 5,732692
2,661022 9,182492
1,401420 2,054718
2,469095 4,477244
1,982486 4,717736
7,321445 5,091287
1,909068 9,916722
0,837529 3,873329
1,324903 8,839416
3,265775 3,065274
7,353739 5,560452
6,327763 6,108015
1,676566 8,867476
1,370539 2,116203
1,002300 10,020334
2,373373 4,198309
2,982402 3,539184
6,184758 6,971560
2,050676 3,897309
1,918993 9,308526
2,049075 3,131600
3,458911 3,351606
0,509318 8,345905
2,308847 4,624201
7,436129 6,129464
7,720322 5,943276
6,647526 5,562310
7,357957 6,742699
1,713279 2,943698
2,158969 2,946048
6,538362 6,207257
2,917869 8,060272
3,380062 3,713949
0,364612 8,639243
1,627368 2,666858
3,029620 10,462772
2,632102 8,848448
7,549054 5,392145
6,266850 5,451784
2,290851 9,443172
7,282805 5,946875
7,564083 5,110638
0,879268 3,957265
7,300853 5,976651
1,662013 9,465593
7,261892 4,896605
5,818872 6,012331
7,855807 6,104659
6,391333 5,393577
1,705180 9,272428
7,026355 5,595497
2,199522 9,335251
2,409502 4,530179
8,018122 5,767804
5,334509 5,526780
6,452948 5,769668
2,915293 8,740124
2,018225 9,793269
1,883625 9,434178
2,013510 8,879204
2,443216 3,659966
3,085636 2,719967
1,815182 2,042279
1,503770 4,422044
5,884052 6,183026
1,794566 4,432621
2,085144 8,632518
1,489781 8,879449
1,880759 3,115273
3,332955 3,800337
2,159353 9,047970
2,754177 8,880254
1,996730 8,684405
2,020317 9,431018
2,017554 3,318580
2,189962 9,680755
1,661056 3,190830
1,780999 9,900368
0,783006 2,419024
7,139451 6,354979
3,137217 3,246230
2,060555 8,318083
1,116683 2,978861
1,416756 9,702498
2,463590 3,246301
2,686266 2,521463
1,305780 7,817488
1,559132 2,908576
6,715283 6,885492
1,698814 10,012567
1,507451 8,532405
1,473924 2,727658
2,872107 3,103249
2,361244 8,803890
1,588977 10,039480
0,655836 9,539969
2,340270 3,439668
0,884288 3,078175
2,762851 2,975192
6,346644 6,075723
2,380064 9,622384
2,418653 8,791215
6,525762 7,214650
1,708880 9,227970
2,562173 2,904186
6,853841 6,822481
1,636590 8,882493
0,647975 9,758960
1,817827 8,827989
1,893201 8,386457
2,707119 2,678814
7,685088 6,932559
2,914410 2,790379
1,270734 2,580375
2,350657 3,785053
2,714607 8,548438
1,211592 8,574747
1,611120 8,855998
7,778129 5,906496
1,012009 3,549324
2,043866 3,966943
5,950017 4,951331
6,841857 5,641066
3,269705 2,507674
1,635552 8,554352
0,738938 8,753211
2,565826 8,568322
2,674226 3,632630
6,786006 4,845458
1,719395 8,035686
2,980407 2,768606
2,408303 9,377704
0,877130 4,224849
1,342013 8,365217
1,805159 9,300225
2,602281 9,568207
1,936366 3,485958
1,539741 8,746152
2,289143 4,235050
5,794944 6,707254
1,707409 3,476950
2,472050 3,286467
7,035775 6,066791
1,321803 4,260149
2,410015 9,143753
0,910368 3,279331
1,842638 9,117421
6,789518 6,974077
1,451110 9,774319
2,604798 2,917979
7,002124 5,284577
2,033891 8,444012
2,220650 9,967355
6,318547 6,627118
2,627521 2,835400
6,401226 5,287564
1,483016 9,513112
1,055393 2,141945
6,923364 5,988907
6,812838 6,240586
1,975336 3,013789
7,786491 6,617760
2,318424 9,623453
7,081489 6,288955
2,342661 2,543350
1,827677 8,878326
6,900309 5,917090
1,340719 3,744261
6,334712 6,122134
6,778401 6,599863
6,390861 5,991056
1,632296 8,950791
1,010789 3,195301
1,635667 8,717125
2,705064 3,115171
5,700406 6,469122
1,588046 10,299500
6,774850 7,073170
2,063584 4,470298
7,450926 4,895246
2,707236 8,773117
6,821690 6,071817
1,432474 8,922236
7,614538 6,049123
1,693812 10,162257
6,002778 5,922250
1,421427 2,522236
1,956234 9,490895
2,185484 3,322866
7,348651 5,481975
6,609993 6,253535
6,661705 5,744334
2,305878 3,604778
6,094059 5,418559
1,583233 9,159048
2,625380 3,622437
2,991374 10,179958
2,054781 3,039286
1,537459 4,676184
6,011222 6,071031
2,285612 2,298296
2,580129 3,315905
1,636964 9,633971
6,569103 6,013922
6,623828 6,032998
2,200041 3,038884
2,660170 2,937477
2,487586 3,801397
2,109459 2,427069
2,010293 2,791474
1,661500 3,564275
1,998904 3,322670
2,578528 2,991239
1,172826 4,048663
1,478459 4,244518
2,910962 3,435179
7,721195 6,099875
2,898083 2,756692
6,293124 6,047563
7,071461 6,681978
2,226921 10,608607
2,695785 9,257467
6,591307 5,047186
2,531125 9,607340
8,000059 5,876847
1,264185 10,015029
1,066875 2,690742
0,990472 2,768365
1,937970 3,464281
1,016197 9,376779
5,840996 6,221293
6,564528 6,242790
7,088989 5,268473
2,049785 3,206709
7,546597 4,990899
2,295915 2,523142
6,755024 6,251177
0,999548 9,045156
1,210154 8,679433
2,017502 8,900754
2,939210 4,352014
2,419454 8,340669
1,370167 8,939040
6,703028 6,243863
0,959579 2,903097
2,555641 8,495948
2,763871 8,477007
7,599132 5,773695
1,154987 8,368574
2,537276 3,271330
6,439927 5,819053
3,151583 2,612970
2,350569 2,359447
1,450468 9,004371
6,816885 5,962567
5,960031 6,207863
5,631334 5,652255
1,053638 9,190108
1,386372 9,055938
2,186611 9,658044
1,799910 3,756068
0,963027 8,095303
1,684607 9,776657
2,345724 3,917744
2,176341 1,972976
2,374866 8,334834
1,556351 9,140603
2,547311 2,051015
1,828378 4,401243
1,709498 3,297103
1,577235 3,077975
1,601214 2,527330
6,679608 5,838414
1,379544 9,028568
1,873563 10,287271
6,471370 5,037028
6,907402 6,805942
6,937622 5,195182
2,070437 10,308819
6,737888 6,563607
1,564939 2,708241
1,556507 9,401583
6,996786 6,196754
2,691798 2,879839
7,022397 6,045772
1,465567 3,973288
2,963099 3,049600
1,761298 7,898690
1,328719 7,944951
7,334359 5,372573
5,735482 6,224178
6,510746 5,947579
6,817504 5,841939
2,823955 9,231818
2,598211 3,492284
2,034414 7,899670
1,620580 4,247846
1,818481 9,466668
1,565759 2,981854
7,731509 6,627246
2,961763 8,602417
1,362727 4,232542
0,859238 9,261417
6,880546 5,585087
5,696279 6,077720
0,657712 9,538422
5,864071 5,919263
5,979511 4,624749
1,411003 9,539337
1,618030 3,369480
7,052587 5,934090
1,032129 2,971682
6,674843 5,114592
7,752667 6,458199
2,348707 9,787239
1,675269 10,188343
1,968700 2,686950
1,580692 3,282030
2,478843 10,252322
2,306889 3,924377
7,532142 5,674772
2,247495 8,646096
6,938658 6,574318
2,088633 8,897042
2,295920 9,163575
2,302369 2,882902
1,993624 8,849300
0,824103 8,505266
6,158473 5,859098
1,652951 9,582322
2,152473 9,990449
0,850976 8,760639
1,772922 9,429042
0,767672 9,128356
2,124861 3,450537
6,799078 5,605926
1,430271 10,169568
1,851270 9,347659
7,136291 6,040640
2,851145 3,207817
1,176020 2,974378
2,323500 8,571645
2,153597 2,225763
6,773939 5,199482
7,512125 5,765347
7,076064 6,341744
6,441020 4,486395
6,338222 5,581367
6,848569 6,777173
1,501508 3,236908
2,466183 3,446067
1,111249 9,214156
0,786502 8,503246
1,417908 9,835867
1,599866 2,619329
2,128489 9,697495
2,381532 2,639714
5,844826 5,628922
1,284944 10,297048
7,689149 4,684830
2,435525 2,813185
2,657642 3,064506
1,257349 3,262321
6,740622 6,470631
2,247599 3,789180
2,684431 8,328188
6,937591 6,008636
7,906477 5,910382
2,170799 9,625730
2,221366 9,824032
1,996422 2,183902
0,922827 9,993017
2,169663 3,626204
1,474067 9,709969
1,991810 2,715500
2,444602 2,632674
2,417535 2,960559
1,689921 8,534219
1,082872 3,327415
2,049976 8,855614
3,167868 10,018303
6,860386 6,699235
6,461786 5,570143
2,133568 2,027116
2,246681 2,978601
7,079039 4,997639
0,543059 10,018111
1,401317 9,249313
2,312981 8,270170
0,630869 9,764906
6,889111 6,977025
1,496140 2,606168
5,988558 4,938898
2,661301 3,318011
1,766423 9,420980
1,665138 2,737086
2,597364 2,628635
2,901886 3,194096
2,222302 2,391955
2,157688 9,343532
1,887812 2,204466
1,957379 9,124605
1,304677 4,019847
1,917120 3,382228
6,140933 5,527584
1,530116 3,431483
1,918681 9,631682
1,125683 8,349359
5,550283 6,352409
2,732919 3,997220
0,954713 10,381458
2,400658 3,005757
7,467025 6,151727
6,144694 5,346948
6,036846 6,213990
1,594640 8,526128
1,767682 8,678210
2,261636 3,907204
6,241745 7,176174
1,470355 10,184475
7,896621 5,653811
6,262986 5,780109
8,046779 6,806098
1,704030 2,868995
2,432832 9,988078
6,482331 6,729012
1,597969 4,040035
6,467250 5,954550
2,474098 3,087636
1,633417 2,927731
6,281694 6,266704
2,184354 2,210849
1,550599 8,770965
6,707223 6,102798
1,291514 8,459049
2,040510 9,376010
1,212352 2,835179
0,980395 9,605538
2,296685 2,591966
3,369667 4,597375
7,230112 6,399310
1,667826 10,115692
2,113141 3,501129
1,625893 9,855090
1,238370 10,496639
2,127111 3,759093
1,209315 7,805770
7,287631 6,223554
2,420481 2,234878
1,942910 10,075618
2,171797 9,153578
1,684597 3,605744
2,286095 8,183612
1,856062 3,871486
7,364010 7,109541
1,820222 3,740357
5,419050 6,090402
6,716783 5,862251
7,167563 6,337923
1,217807 9,245432
3,267795 2,577778
7,065176 6,063810
1,678565 1,886176
6,764688 6,697350
2,353980 3,645005
1,329016 9,744372
6,249673 6,833099
1,115250 8,614730
1,706260 3,405065
2,902459 9,743272
6,843494 4,872147
2,484270 9,492281
1,726869 2,846115
6,370873 6,052202
6,830262 5,531261
7,834837 6,307149
6,548847 5,840530
5,981059 6,547343
2,394351 3,221115
1,142289 8,795208
2,450261 3,305362
7,223189 5,436752
1,834550 9,978053
1,031168 9,360391
1,534036 3,072690
1,703741 10,628410
2,134386 3,955386
2,400145 9,618079
6,565068 5,241525
2,462458 3,674574
1,490131 9,371015
1,520290 2,285323
6,580748 6,218142
6,314250 6,331465
6,512394 5,884942
1,715169 9,279251
6,304142 5,442241
1,153509 8,674786
2,121743 9,408573
6,348063 6,445782
2,167688 8,556551
5,482458 5,851414
6,965168 5,425427
7,316020 5,970692
5,967666 5,643367
7,137894 5,938218
1,882598 10,061767
2,990179 3,321864
1,341597 9,181284
2,448487 9,197726
0,593428 4,071177
1,146506 4,726415
2,350105 9,458986
6,527462 6,278050
6,798511 6,313322
2,293633 3,410760
5,496685 6,369864
2,448787 3,606443
1,969469 9,638089
2,365566 9,815335
0,555485 8,378195
2,169869 8,308587
1,595424 3,165022
6,282063 4,687637
7,646934 6,577727
2,925736 3,054773
1,322171 8,728732
6,854265 5,598342
2,987812 3,546359
2,854416 3,344101
7,426520 6,698591
2,595421 8,807515
2,670765 9,308986
3,106304 4,081446
2,504101 3,700465
6,237719 6,573841
1,610750 3,286185
3,113735 2,617635
7,513934 5,352904
2,294903 1,906113
6,963382 6,614628
1,154524 9,941939
2,501813 2,671174
1,693021 3,988236
1,577272 3,432814
1,552313 3,255590
7,444309 6,324130
1,707478 10,433518
6,645812 6,391794
1,363081 2,736416
6,978128 6,303308
7,173174 5,213502
1,880620 2,976095
1,611913 3,126680
7,377420 6,109600
1,951243 10,053141
1,985083 2,934254
1,756036 8,307660
2,020633 9,931826
1,916408 8,368457
2,476225 9,498931
1,981482 8,853846
1,054141 9,515934
7,918217 6,342555
5,643301 5,982392
6,601214 5,962379
1,567934 9,074584
1,627348 9,480553
5,653398 5,708781
2,272384 3,718598
2,201192 8,242025
1,561493 2,462100
1,024327 2,556585
1,064792 9,140576
1,836539 7,846858
2,664862 8,827908
1,390472 3,712380
1,540910 9,491311
2,088776 10,056787
1,643799 4,393201
1,360555 9,682911
6,504736 5,549453
2,582901 9,927588
2,738590 9,560367
2,027433 3,983921
2,848596 3,175920
6,178281 6,093717
2,402897 9,194412
6,118011 5,716657
2,141471 3,405287
2,026555 2,432993
1,343453 8,949725
1,348739 9,099654
6,812040 5,642025
1,658801 8,965314
0,581971 3,869926
5,900925 6,177449
1,773089 4,279385
2,646931 9,777944
2,926682 2,554744
6,839251 6,698184
6,042639 5,620927
6,143246 6,498422
7,510076 6,304984
0,656608 9,951945
1,855866 9,883094
1,451940 2,965234
1,676572 2,587137
1,387840 2,085116
2,364405 9,944639
6,685386 5,986635
7,918699 5,957657
2,060824 8,365810
6,676187 5,849687
2,048951 3,366643
6,739444 5,947659
1,469171 10,192851
2,588400 3,232825
3,149451 9,481425
2,156137 3,561501
0,983991 9,012068
1,697074 9,560525
2,095463 4,649847
6,223577 5,511835
1,871139 9,291254
1,284922 9,889339
7,093098 5,809836
1,034781 8,225359
1,589719 9,239500
2,077762 9,233823
6,840277 6,662462
2,284299 2,656329
1,628844 9,252090
0,863035 9,487700
1,455636 3,460090
1,654261 10,615549
1,539005 9,361414
2,826224 9,114155
7,408037 5,505711
6,029441 5,779019
1,893368 3,874671
6,508799 5,569920
6,861926 5,940683
1,554672 4,475165
6,619513 5,241971
2,333141 9,666132
2,417505 8,979336
1,818049 9,433958
1,270463 9,200335
2,108066 2,955038
2,501115 10,023943
2,054261 9,973981
1,288938 8,368463
1,182200 4,012939
1,111425 9,283085
7,431528 6,129906
1,475979 3,924830
6,888434 6,594870
7,131286 5,497775
1,038261 8,250739
1,276025 3,664193
5,839757 5,274780
1,228040 3,331365
7,452218 6,396012
2,550764 3,481353
2,614274 7,972747
2,066246 2,681408
2,350750 4,454491
2,247694 3,670740
1,315477 3,571070
7,085226 4,738277
1,089058 9,693180
7,715838 6,603975
6,837292 5,162605
2,467783 2,669351
2,221059 2,841079
6,873878 7,047280
7,531992 5,928662
0,919049 8,689771
1,956210 8,941271
2,124725 3,312307
2,079189 3,508325
6,828493 5,368024
7,481329 5,782043
6,013422 6,322541
2,371540 4,007554
0,876480 9,436691
1,793528 9,082376
1,286272 8,404944
1,116224 10,047747
0,898158 9,169780
2,443649 3,885211
2,879586 4,084700
2,478161 8,616304
1,452944 9,291156
6,652803 6,634316
5,850960 6,205155
3,138675 2,567378
3,082937 3,380800
0,826906 3,539455
7,204388 6,092667
1,656114 3,957926
5,545420 6,349565
1,614491 2,935986
1,786945 8,908929
2,481044 10,128914
6,823632 6,891801
5,863184 4,569788
6,886617 4,886360
2,138413 9,838970
2,610807 9,312385
6,693029 6,309069
2,603576 9,948019
6,284551 5,594604
7,223994 5,081128
7,912827 5,795521
0,794465 8,844604
1,469385 9,120313
2,400967 8,903001
2,241267 9,428695
1,645263 8,716853
0,788945 9,037471
0,865796 2,726312
1,340127 8,311641
6,797927 6,199109
2,163781 3,026715
1,429871 3,582350
0,855087 8,954967
2,176772 3,496954
6,525430 5,948122
7,299385 5,347070
1,169921 9,163450
2,188001 9,956439
6,558452 5,078778
1,344826 3,140670
1,822927 8,463908
1,221364 8,801156
2,197442 3,148766
6,269799 6,225740
7,141630 6,263106
6,670281 5,542564
1,460951 3,062581
6,817634 6,610538
6,121286 6,077669
1,009439 8,156730
6,040725 5,432770
2,754992 9,872922
1,535983 10,147445
7,019299 5,760437
2,564918 9,533098
2,278206 3,985228
6,760013 6,390695
1,009483 9,351710
3,039508 8,770615
1,860185 8,495232
1,417676 9,927868
2,476941 3,305064
7,672969 6,930355
1,835903 9,477161
6,667232 5,956293
7,361945 5,359170
2,098525 9,083044
1,670892 9,361232
1,330690 3,494566
2,465010 2,612771
2,531053 4,406615
2,091117 3,868457
3,022824 4,607325
6,763865 6,642202
2,831582 9,207413
1,857400 8,750948
7,389787 6,225511
5,429648 5,205193
1,988926 3,220728
1,144135 9,300996
1,861302 9,042238
1,224721 2,651328
1,332475 3,140997
6,208542 5,148340
1,415313 9,841248
1,388882 4,343673
3,026742 9,576382
6,071253 6,832552
1,265367 9,300228
1,640864 3,654904
2,932235 3,494439
2,158313 3,153820
5,510455 5,134853
7,052656 6,265797
7,365706 6,730569
1,846385 9,936008
1,979753 4,381123
2,562139 9,588548
2,022834 3,138183
7,498828 5,034131
6,521022 5,020070
2,106066 8,476163
6,620619 7,043081
0,727045 10,446538
2,233720 3,315095
2,076149 3,142897
2,167344 4,182686
2,429541 9,371648
2,623258 8,998164
1,200253 9,831336
6,628412 6,351431
1,680327 10,127539
2,482710 9,690168
0,886440 9,180855
1,975513 8,832277
6,117502 5,190967
0,859423 9,766855
7,177023 6,224311
6,853536 5,178221
1,499894 10,241338
2,175669 3,396872
6,505348 5,122515
6,987702 6,900975
6,732602 5,764447
2,555912 9,204089
2,686440 2,398540
1,093660 3,249757
7,297751 5,754939
6,180988 6,872117
0,992182 9,843519
6,864955 6,313090
2,150296 3,394967
2,265662 3,588346
2,291756 3,554684
6,437397 5,876006
1,288930 3,440102
7,499338 6,167858
2,231907 10,050114
2,013322 3,964196
1,497039 3,535342
6,315446 5,797218
1,018430 3,123099
5,810968 5,250859
6,612577 6,256379
2,521312 10,078520
1,260600 8,862639
6,995719 5,891793
0,947741 9,392047
1,624948 8,848320
2,383144 4,507519
2,399716 8,827128
1,769743 9,559712
5,930597 5,909641
0,416123 8,208890
2,901981 3,561592
0,448294 9,990660
0,826329 2,827219
1,164372 3,366157
6,871911 6,258914
1,426355 3,406583
2,280608 8,521078
1,603878 8,795800
6,964570 5,656920
2,267024 3,323491
6,745379 5,758767
1,791092 4,000749
1,799081 2,887888
7,406813 5,951767
6,057490 5,257787
2,584854 10,239126
6,199406 5,871795
6,809291 6,041210
7,446037 5,330851
2,018631 3,561948
6,722954 5,293001
2,556816 8,271234
7,299217 5,759716
7,318238 7,328076
6,061990 5,924843
5,613607 5,590846
2,301509 8,825247
1,580165 3,622949
3,061979 4,213002
1,392707 9,826083
2,399350 9,145804
1,179674 3,235604
3,330130 3,613411
5,974440 5,988740
2,241936 8,792962
1,975193 3,176048
1,416622 10,581073
6,970560 6,073921
1,992085 3,804119
1,945111 8,246540
1,444443 4,248372
1,558652 10,089058
3,104131 3,931701
6,052798 4,906641
1,743986 3,568549
6,912238 6,045113
1,149288 8,840432
1,479030 9,183000
6,685433 5,761184
2,538560 8,676401
1,869451 3,123847
2,549268 2,431456
2,179261 8,578929
2,364440 3,942796
6,264287 4,853596
2,532482 9,361861
5,914419 6,424097
1,770502 2,784643
6,033119 5,000089
1,769497 3,988297
2,338119 4,195984
1,847247 8,984846
2,571806 8,840472
7,069094 5,508249
1,966333 9,250993
6,434912 6,841748
2,539173 3,456823
2,781189 2,778179
7,501765 6,143683
2,049799 9,318665
1,744032 8,853278
6,648839 6,074541
2,250868 3,413667
1,377508 9,156555
6,495662 5,873745
7,371178 6,558899
1,167521 2,791720
7,349670 5,585167
2,146453 8,746753
1,420611 9,251821
1,871009 9,248148
1,807261 9,051042
1,409431 9,968074
0,927912 7,924443
6,356262 5,339714
6,221223 4,894248
5,725169 6,627977
6,192227 6,045135
8,146191 5,564707
3,051051 4,441902
2,539748 3,615923
6,511037 6,593860
0,629430 9,053440
1,723634 2,667040
2,530563 2,719715
1,547451 10,524031
1,088737 2,408588
7,908883 6,777862
2,693339 8,735090
6,822363 5,218829
0,921180 9,765721
0,780420 8,195107
1,260231 2,331904
1,816189 8,689957
0,725389 3,595720
1,553104 10,276262
1,323371 2,238851
7,011843 5,985463
7,067081 6,058708
1,594934 8,829770
1,216445 3,170196
2,175957 9,135778
1,988579 9,997044
6,193950 6,875943
7,206335 6,978466
1,576967 7,970515
6,427994 6,843526
6,048329 6,547501
6,542717 6,026648
1,184791 9,334395
6,667219 5,720384
2,780872 3,106501
1,313757 9,951922
0,919875 2,906155
1,493523 2,667916
1,361119 10,615936
1,981449 9,584890
2,913870 9,202803
1,506954 8,573306
1,510383 3,071588
7,300990 6,465171
3,026457 7,948695
2,040475 2,928876
1,286412 3,416692
2,190474 3,287572
6,790317 5,053532
5,912901 7,251721
2,965910 2,907685
6,736288 6,268231
1,895123 3,482159
1,375316 9,408697
5,538754 7,071394
6,861696 5,704715
1,839936 2,716213
1,871853 3,145324
3,084334 7,718212
7,073777 5,694568
2,266627 10,032203
6,404996 6,323311
6,171767 5,674148
1,513739 9,535442
5,938462 6,155613
1,195114 3,344814
6,190537 5,623390
1,581707 8,977082
1,996353 10,262432
7,154714 5,439725
2,115183 4,200063
1,613210 9,737565
0,988678 8,668934
6,765077 6,001850
2,407914 9,339323
1,232451 2,552245
6,244585 5,329425
6,792026 6,812409
2,222845 3,901242
3,432123 2,731126
2,628972 9,352681
5,379813 6,887394
1,879365 8,097639
2,368672 3,471409
1,809368 3,069358
2,189186 2,940459
1,223659 3,527263
1,585387 4,343172
6,311220 6,693998
2,023168 2,852261
6,657599 5,121514
6,736668 6,854793
6,504212 4,887684
2,702361 4,213360
2,352234 2,824895
6,204399 5,851514
2,367196 2,583122
7,921976 5,620383
3,403436 3,574852
7,492248 7,372761
2,538015 8,568276
1,946278 8,440169
2,319359 9,236755
1,334183 3,314222
1,657734 3,970650
6,590762 5,894884
7,557601 5,348997
5,971931 5,609410
6,623259 5,700845
1,981646 2,903993
1,590368 8,781620
1,289708 10,469178
6,622878 5,648834
1,912597 9,409758
2,062680 9,010966
6,116487 5,336368
1,522967 9,247702
6,698365 6,124509
0,794543 4,251883
1,846565 2,882949
2,103099 8,244987
6,567002 5,520715
1,655326 8,628512
1,620248 7,941371
0,959052 3,398053
7,712012 6,722217
6,881317 6,670964
1,321240 3,742471
2,299019 9,140123
6,679298 5,680044
2,865761 3,746617
1,456103 8,334523
1,438712 9,325891
1,923152 9,409447
1,750579 10,145286
5,744091 4,849242
1,884905 9,642016
1,048022 3,837000
1,491650 2,597226
2,715809 8,647904
1,854619 9,964720
5,927938 4,806929
0,922393 3,648471
7,370332 5,203754
3,387012 3,137433
2,079541 9,273278
5,853777 5,719648
1,586027 3,501326
7,625725 6,726143
0,767780 8,922011
1,610290 2,669634
1,854181 9,015433
1,955402 4,689622
2,706229 8,839908
6,515962 6,191274
2,982540 9,753035
1,011787 2,828935
2,624843 2,722487
2,961882 3,408601
6,782343 6,135795
1,819842 3,383332
2,925205 10,276945
5,901112 6,135762
1,469836 8,811379
2,139546 3,335974
7,723550 6,830326
7,476622 5,507343
2,759143 9,886753
5,647031 5,568316
6,331853 6,650791
1,443585 7,837708
0,949552 9,191831
2,262729 9,735200
7,533440 7,101094
6,762084 5,638481
2,983533 2,121970
0,827720 8,851872
1,879730 8,537884
6,705269 5,590210
2,314341 9,819387
1,415931 3,333264
2,841911 9,836261
1,941220 3,067183
1,356242 8,988260
6,963148 5,040600
6,780710 6,750162
1,963224 3,531478
0,566161 8,544849
2,124026 9,359289
1,543213 9,690944
1,414024 2,346048
2,026742 2,950600
2,412396 4,341510
7,121561 5,223274
7,098135 5,203183
2,739442 3,580591
2,099394 9,384139
1,803930 9,127838
2,017813 3,788021
2,699912 2,502674
1,103489 8,659705
7,709676 5,746883
6,060261 6,199130
1,140777 8,300176
6,189013 6,000380
1,748946 9,525827
6,819971 5,215587
2,253261 9,090620
1,366265 2,340908
2,506140 3,555894
1,101381 4,395176
1,381084 4,008280
1,378049 8,765783
2,560062 8,961301
2,232549 10,263026
2,858239 3,402530
2,221644 3,794489
2,086772 3,241335
2,247996 4,314523
2,089461 2,895690
5,975719 6,035998
2,055073 2,708939
1,611818 3,750505
0,808191 3,226377
1,368766 9,460832
6,766449 6,248373
2,074342 4,382226
1,896793 4,407416
2,960503 2,560710
2,262611 9,506459
2,599979 9,438254
1,134710 8,636160
7,510454 6,240411
7,828911 6,793388
1,581565 9,463621
2,771513 10,119390
1,840464 3,617473
2,232589 9,656839
1,763603 8,692439
1,007565 10,561316
3,144392 2,490209
1,731825 3,310884
2,266172 3,451949
7,382110 6,723454
2,297122 8,534945
0,980035 9,573544
1,688332 2,785439
1,565421 3,381402
2,317855 3,748310
2,449277 4,504314
2,842997 3,384980
2,373192 3,550290
2,200695 9,414352
2,024933 8,588434
2,431629 8,557456
0,947098 8,221503
1,338764 9,843224
1,997058 9,265242
1,335714 2,934300
1,932787 8,567933
1,425646 3,667452
2,433258 2,562299
1,670329 9,477567
5,498532 5,989542
6,376840 6,483350
1,810896 2,836354
2,480057 8,198384
2,007129 8,936622
2,021620 2,203073
6,689509 6,526342
5,655355 5,316815
6,716666 6,147243
2,305813 9,369649
7,061618 6,630299
1,641301 9,650026
6,506908 6,136752
1,160809 3,257169
1,962230 3,630031
6,371568 5,431250
0,916303 8,672679
2,081457 3,553965
1,295380 10,351931
6,892554 6,025034
1,167343 4,354543
6,594397 6,443998
1,617689 4,036293
7,286286 5,467247
1,750122 3,622457
2,025784 9,834299
6,077410 5,083532
2,265208 3,793295
2,044045 9,745816
2,371722 4,092491
2,612204 10,243108
5,493915 5,250909
2,893306 9,085231
2,972135 9,254682
1,635239 2,112339
2,172791 3,504196
2,130236 1,999354
1,713277 2,867355
2,025930 2,614973
1,892549 3,725674
6,695671 6,504397
6,265775 5,896333
1,918919 8,269467
1,840531 9,123785
1,360226 10,216965
2,135699 9,484089
2,736326 2,781792
2,002577 2,829050
6,911984 6,169357
7,296360 5,583779
2,123866 8,898586
2,825892 3,302196
1,855783 3,347739
1,651523 8,897981
7,580525 6,222016
1,755767 3,217614
2,440688 8,153317
2,880704 7,857856
1,176261 8,532559
3,261887 3,669725
6,017630 6,156435
0,693461 3,109241
7,835519 6,398508
7,305736 6,104235
1,647459 9,269979
7,529003 6,021120
0,962524 9,312445
6,590778 5,123019
6,288545 6,527024
1,764064 3,417917
2,576214 2,889794
2,342295 9,635286
2,801082 3,317054
5,684706 6,146781
1,874655 9,299649
1,365676 8,607148
2,088807 2,989006
0,742792 9,198461
0,746083 4,579731
1,746736 9,113024
2,527007 3,160008
3,175075 2,676889
2,400971 8,787371
0,890342 8,026214
7,953478 5,525116
2,329185 10,399398
1,901099 2,110569
6,490602 5,229206
6,781748 5,944434
1,798916 9,237732
1,444871 3,308725
6,495718 6,107877
7,457589 5,946711
6,549624 5,952744
1,921914 8,612157
2,406903 3,361653
2,689527 9,574200
7,034481 7,384055
1,137315 9,327995
6,160097 5,800382
6,663876 6,161264
1,427367 3,711172
1,462968 8,272389
2,348036 3,280858
1,883841 7,949333
2,006134 8,281125
2,674954 3,451777
1,959834 8,180735
6,049943 6,539892
1,059895 2,415813
2,351585 3,569344
2,538711 9,645230
2,058357 8,069776
1,933182 4,397335
1,301848 3,866223
6,813359 5,013181
2,223587 9,579104
6,488818 6,439688
7,720802 5,270428
1,658231 3,552264
1,495849 9,343203
1,485062 9,314284
0,858834 3,599898
2,538546 10,009562
1,340514 9,287974
7,052468 6,546603
1,101192 8,901272
6,072842 6,283324
7,583772 5,582224
2,956639 3,842356
1,198335 9,633677
1,904473 4,081151
2,311845 2,804236
1,998602 3,960229
7,294877 5,796835
1,453971 9,603689
7,007199 6,399155
6,522170 5,791169
2,503609 4,243268
0,525345 8,824357
7,252932 6,182394
2,365124 2,791655
1,347509 9,186096
1,007900 9,201738
1,147861 8,671577
0,940370 4,368887
1,834155 8,805571
6,049973 5,788145
1,860559 9,454390
2,599057 3,791390
2,921487 3,737368
2,518426 3,418303
6,450733 5,250948
6,412190 6,214986
1,000561 9,205384
2,927442 2,350202
5,868277 7,056516
2,870381 9,343265
6,620093 6,062888
6,238157 5,948715
1,700869 9,186433
6,175617 5,678079
2,787552 8,500311
1,660854 9,511911
6,487211 6,595598
6,944851 6,702562
7,018521 6,601801
6,500058 5,676333
5,875786 6,813007
8,090626 6,151062
2,231183 3,272090
1,888933 3,512369
6,943396 5,317686
2,086820 8,895116
2,303580 9,983507
2,080972 9,166874
2,118803 2,848458
6,881710 6,693269
6,309702 6,386443
2,916371 3,249925
2,184659 2,624540
2,248296 2,540671
1,232058 9,919061
6,457709 6,835853
1,025807 9,686380
6,499833 5,078063
7,305742 4,968181
7,571807 5,729150
2,628259 9,394276
2,156797 3,160570
2,850556 9,071303
0,865166 2,778792
1,985590 2,357189
6,165274 6,206485
1,240920 9,555367
6,762326 5,747256
2,025810 3,704764
7,003702 5,891754
1,975037 3,551098
7,237918 4,926731
2,070737 9,254762
1,690342 3,277756
2,474372 2,008097
7,126700 5,005865
2,523851 3,953923
6,570016 5,758804
2,539724 9,564727
1,754113 3,346833
1,121358 9,479861
6,801490 5,974762
2,213173 3,024027
1,851942 2,905165
2,221911 8,646591
2,370108 9,616402
1,631781 8,005605
2,312233 9,324716
1,636543 8,781435
1,579382 9,022073
6,361540 4,798066
2,136225 3,625316
3,008243 2,811253
6,777818 5,946053
1,363104 4,438739
5,815651 6,658948
1,956083 8,700500
6,584731 5,960826
6,682749 4,865300
5,960182 4,800762
1,273482 10,131233
2,489925 2,889490
3,343028 3,278950
1,473823 2,898927
0,741293 9,228812
6,600547 6,298521
1,341524 2,996754
2,558062 9,157558
2,358206 8,053979
1,898483 9,497328
2,312998 3,575968
1,225954 2,492344
1,730955 8,836875
1,836809 9,074172
6,798396 5,857986
6,914002 5,463294
2,199129 3,309156
0,935986 9,196285
1,892228 10,268215
6,544861 5,657302
7,547949 6,359981
2,234803 9,108522
2,020384 3,236071
2,009982 3,859362
7,027865 4,982346
0,829121 3,266853
6,737928 4,954044
6,869551 5,834287
1,177977 2,412381
1,480942 8,895699
2,366928 10,064758
2,442116 4,216425
1,715957 2,771203
1,512151 3,211099
5,981264 5,530760
7,831941 6,677594
2,629949 9,580869
1,589639 3,514651
1,343171 2,791862
1,827411 8,365124
6,219899 5,813508
6,849120 6,893329
0,797396 8,561659
1,870299 3,692686
0,992543 8,049239
2,077878 8,581484
1,640743 4,355667
0,859616 9,829662
2,769981 4,258967
1,347828 3,652831
6,884355 7,219045
2,265189 8,640809
6,051448 5,824232
2,055118 3,091345
6,612493 6,124254
2,136675 2,768847
1,744784 7,775251
6,359533 5,606721
2,654672 4,263414
7,285422 6,746490
0,951971 4,024310
1,941607 3,128120
7,024314 6,998138
1,544131 8,305240
1,591005 10,222933
0,649541 9,350501
6,676795 4,979489
2,686539 9,082640
1,326168 8,680761
2,135414 2,994516
1,901292 4,653781
2,227023 2,950965
7,394823 5,324961
6,006922 5,948487
6,467607 7,136386
7,029086 7,250117
7,139026 6,184982
7,247880 6,697140
2,451001 7,850004
1,154902 8,635656
1,478353 3,031730
6,652947 4,859502
5,437006 4,691875
2,744604 3,563153
2,164949 3,841761
2,515076 2,807300
1,963031 9,770964
6,819421 5,298118
2,900227 2,657296
5,818603 6,010050
2,305514 3,228323
1,120090 8,942745
2,342681 3,333072
6,350169 6,467946
1,520122 3,622307
1,792299 9,393812
7,490325 6,716461
2,631897 2,602135
2,340114 2,209645
2,212126 2,732119
1,425934 8,990452
1,787529 8,334262
2,547244 8,831883
6,602999 5,812347
6,723829 6,325743
6,423710 6,961100
2,634598 3,273407
2,606840 8,043328
7,469099 6,771486
7,717466 7,293170
0,993240 9,989629
7,660082 6,600815
5,712207 5,896424
6,515905 4,819869
1,501589 4,394663
6,283592 5,452427
6,959833 6,239931
0,758997 3,371881
3,033667 3,095537
2,016014 8,421269
2,933387 10,065047
7,047261 4,881153
2,021175 10,122634
2,256537 8,268445
2,247077 3,176163
2,215580 9,260775
1,621835 8,746542
2,081404 8,556731
7,001937 5,373711
6,793363 6,065669
6,788370 5,727007
1,746101 9,728997
1,663761 3,547627
6,993021 6,869080
6,941303 5,802893
7,316425 6,784202
6,376953 6,383367
2,759509 3,580359
5,680302 4,870101
2,278993 3,571596
1,385815 3,589921
2,040836 9,406825
2,171248 9,398158
2,299456 9,710399
1,361992 3,431631
1,474348 8,198514
7,527219 5,439298
6,646301 5,669085
1,634433 9,691100
2,092215 2,696608
1,964342 2,589128
1,106395 8,950243
6,736328 4,852479
2,071000 2,701299
0,753931 9,733903
2,151447 8,933490
1,977315 4,054591
6,652677 4,674628
2,778744 3,371560
2,308609 9,274737
2,392628 3,459015
1,342397 4,099561
3,072523 9,096599
2,519641 9,782562
1,465284 2,747912
2,445984 4,219184
1,566339 2,274749
6,260324 5,244491
1,490989 3,255187
1,861036 2,124696
2,144668 4,232383
2,065932 9,701333
1,539445 8,065005
2,350323 4,379818
2,389723 2,823379
1,849836 8,395048
1,933557 2,632350
6,288464 5,262885
6,184480 6,884183
1,723371 8,232037
2,201152 2,346757
6,554782 6,577950
1,383176 9,188634
1,571650 3,681684
6,461239 5,992281
2,765481 3,323981
1,718141 8,906875
2,712031 3,618221
1,496942 9,949025
6,879796 6,153060
6,893182 5,724186
7,246190 5,702097
1,439016 2,063526
2,474622 3,434218
0,930834 8,642781
7,482493 5,041614
1,267891 4,486367
6,897545 5,543903
2,718344 9,615932
0,980674 4,050846
2,110132 8,994681
1,254763 9,083771
1,557526 3,842289
1,911813 3,684359
2,247618 4,048583
2,049323 8,991480
6,148374 5,631371
6,887996 6,488758
1,257993 2,350244
7,436566 5,544974
2,626104 8,577578
6,261674 6,217466
0,769386 3,517442
2,440210 9,806959
1,507419 9,062995
6,581797 6,340631
0,882777 3,343067
1,483950 2,806547
7,188462 5,112796
1,493258 8,973086
1,978034 9,055122
6,683162 5,995756
1,412078 8,900585
2,723410 3,229416
2,250166 4,342999
1,584541 2,515310
2,538656 9,196193
1,746930 8,730785
1,963331 9,838699
7,368951 5,500243
8,020698 6,209801
6,782663 6,904861
2,012475 9,236160
1,231073 3,860170
6,609544 5,366511
2,431462 3,209657
1,341346 8,514864
1,549592 7,749107
7,478850 4,584924
2,355004 3,225765
6,755467 6,227809
6,957430 4,880684
7,163523 6,185204
7,148944 6,068535
6,742098 5,764280
2,285935 4,251638
1,948728 9,300706
1,262787 10,180270
2,540143 2,760551
6,477840 6,052668
2,008897 8,619118
2,016138 10,470940
7,746201 6,720781
1,415495 3,341442
1,763430 9,274267
6,731290 5,663868
1,682567 8,332923
2,636145 3,422172
7,057249 6,968221
2,658056 3,740076
6,496742 6,236367
7,288058 5,324266
0,472764 8,107232
1,674248 9,465619
1,550752 2,407316
2,859651 9,556220
2,654009 3,676779
1,369099 3,311902
2,052439 9,849275
3,220764 2,712468
2,526558 7,990140
7,892790 6,633037
6,824546 7,194065
3,067117 8,103854
1,335523 3,805588
1,754515 2,316399
6,653879 5,840637
7,577097 6,354401
2,857571 3,920674
7,660330 5,675572
7,750382 6,039235
2,157596 4,002084
1,091152 9,112759
6,716180 7,329299
2,030219 3,940075
7,602680 6,478735
1,122899 9,927098
0,977646 9,142373
2,503386 3,777078
3,070060 8,648385
2,988234 2,881933
1,294177 4,126494
7,356772 6,450901
2,281506 3,195907
7,245557 6,275812
0,746197 3,455074
2,045528 3,250978
3,411263 4,019118
5,887550 6,146279
2,540754 3,453632
1,533612 3,043221
1,196071 3,170597
2,455666 8,688884
7,170374 6,595846
6,774204 5,216461
0,987784 8,871332
1,954592 3,623534
2,153066 9,436171
5,873547 5,514228
1,940670 9,174975
2,144061 2,709349
6,823495 6,584527
0,844725 9,118066
1,510449 9,295017
7,605413 5,893739
0,571812 9,045391
2,342701 9,634909
6,418654 5,716570
2,469982 2,967633
2,250203 9,573165
2,434192 3,770017
3,104160 2,113368
2,080635 3,795477
1,922270 3,487798
5,885669 7,145558
2,256525 3,401127
6,247897 5,487033
1,991733 3,084289
7,288319 5,268402
2,072178 3,930891
1,587667 9,355359
0,975489 8,999307
6,608411 6,648834
1,090238 3,993194
1,285354 7,974191
1,783303 4,163383
2,963370 4,087946
6,600366 5,409879
3,181115 3,339294
1,615305 8,488593
2,260546 3,762581
6,241327 6,571415
2,323651 3,761756
6,150521 4,876530
7,584006 6,176683
2,410864 8,675748
7,461294 5,903037
6,398993 6,854766
7,415955 7,197863
6,889633 5,769198
1,611046 10,478567
6,932757 5,960033
8,036966 5,673465
7,114986 6,957185
1,626975 7,967722
2,148673 3,525324
2,784527 3,827137
1,464764 8,536897
2,923232 2,583367
1,974756 7,986542
0,613859 3,586254
0,721198 9,924349
1,900243 9,818850
1,938540 3,933297
1,153102 9,629096
6,271309 5,363914
1,326873 2,559825
5,586498 6,958644
1,446874 4,123109
1,693540 8,483758
0,956589 9,538646
1,777673 9,048435
1,614537 8,900398
2,155044 3,153045
5,731703 6,504145
1,215162 2,370391
1,814339 7,829425
6,561372 6,930353
0,723362 3,725424
2,631766 3,079664
6,439776 5,741247
6,290396 6,269052
2,044963 10,036758
7,860524 6,194718
5,915094 6,092019
2,653543 9,600746
2,477044 2,660606
0,938422 7,794324
1,614148 2,791672
6,723346 5,450669
1,959643 9,160502
1,317507 9,699966
1,902819 3,776620
2,583792 2,770776
1,677230 2,217788
2,002631 3,523477
1,554320 3,843372
2,791771 3,212259
6,785934 5,827750
1,795429 9,218168
7,268058 6,033543
1,843307 9,900469
1,698245 8,835805
7,193876 4,879531
2,115959 9,881772
5,722279 5,839677
1,048578 2,521138
6,658920 5,183694
2,007556 3,371399
2,705817 9,159852
0,776846 10,077953
6,846001 5,747084
1,768862 3,843175
1,657550 4,502933
2,838379 2,761819
2,644105 3,195764
2,456815 8,520009
3,297485 9,028132
6,195725 6,196177
7,188703 5,430784
6,796404 5,795667
2,158856 4,028878
0,853017 9,222714
2,617272 3,482307
2,589272 3,660588
2,344532 4,725038
6,621546 6,484408
0,880899 9,537895
6,606505 5,604893
7,772413 4,735997
6,847125 6,375193
2,166863 8,106849
7,057019 5,766381
6,589111 6,062563
2,095488 8,840981
6,464069 6,438503
6,831488 6,569474
2,703888 3,788405
6,316587 6,731249
1,482086 9,430293
6,617593 6,319101
0,518760 9,586365
1,652943 7,922033
2,030579 8,956304
1,432800 9,094316
1,385051 9,915546
7,713946 6,717853
2,137385 9,462647
0,998679 3,146961
2,119682 3,666356
6,296358 6,488673
1,658977 2,824403
2,482900 8,577588
1,678082 3,380843
2,987930 8,415061
1,582557 9,494581
2,766653 3,449543
5,955829 5,988123
2,678271 4,185485
0,933876 2,932578
2,280070 9,379236
2,264941 2,988477
2,402392 2,781815
8,017410 6,537141
2,896644 3,271425
6,508200 5,417395
6,504567 6,174915
6,990431 5,744790
0,828005 2,157671
6,536668 7,190086
2,417188 3,684444
2,971605 9,167169
7,315972 7,022749
2,517834 3,531410
6,584627 6,744341
0,993960 2,751385
1,306570 2,868828
6,757452 5,096032
2,338960 2,646913
7,063667 5,253326
2,808449 8,952896
1,439084 7,877076
3,297598 3,318755
0,949268 3,527343
5,992222 5,686646
0,936967 10,438757
1,854500 2,059480
7,970770 4,815013
2,190061 8,903566
5,862493 6,057560
7,261275 4,888085
1,723216 8,537152
5,959501 5,104376
6,873201 6,777434
2,284532 9,346392
1,970401 2,851623
1,713942 9,741375
1,405600 10,132746
1,617025 3,016606
2,185885 9,384792
1,622775 3,994399
7,568313 5,333439
3,084457 9,492143
1,443280 3,488394
7,160501 6,030084
2,419527 9,862834
7,653276 5,704849
2,495739 8,916230
2,108454 3,092772
2,528124 4,243601
6,575780 6,890989
0,798457 10,418857
1,231313 9,811525
1,925027 9,725718
2,211478 2,970951
2,017561 2,199197
0,872011 4,220002
0,944403 9,843393
6,150617 6,916418
2,370247 2,766065
1,345977 3,419494
6,978522 6,576485
6,424872 5,540090
2,538661 2,963218
0,925610 3,788961
6,459333 6,568462
7,217270 5,520558
6,233570 5,929423
2,891135 8,825059
6,265275 4,874439
3,087082 4,191614
2,470670 2,844844
2,519077 9,998964
6,154521 5,477154
2,353425 3,333086
1,031303 9,738332
5,985805 6,752312
1,895157 8,024628
5,645112 6,635984
1,891059 9,018651
6,407470 6,652692
1,546556 9,646998
7,023911 6,753609
1,515897 3,280675
7,910634 7,320076
7,787853 5,789985
7,099786 4,991147
1,417860 8,268479
1,537793 9,965160
6,371291 6,604017
2,302348 2,357751
0,768257 10,042408
7,365940 5,296234
6,251761 5,103680
1,795080 8,830103
6,506602 6,462331
7,101753 6,731356
6,151764 5,239537
1,871185 4,314144
2,139931 10,174432
6,397576 5,861002
2,910702 8,691142
2,092194 3,169299
1,795755 9,119555
1,675219 2,620155
1,773066 9,600840
8,071315 5,764375
1,857795 3,482583
2,789678 4,439975
5,960076 5,694989
1,577130 9,571006
2,799628 9,045357
2,732607 3,526955
2,922386 8,465108
2,037290 3,474420
2,189056 2,298961
6,951631 5,361229
6,516469 5,736547
6,434369 6,649520
7,346113 5,732287
6,556431 5,978167
1,649045 3,368842
1,889254 8,673194
2,151400 3,675860
2,516082 10,374228
6,622319 6,865296
5,743020 6,153306
6,558830 6,950675
2,451789 9,147339
1,987676 4,335645
6,906017 5,149257
6,660187 6,052330
2,553129 4,485003
1,796202 3,183415
2,135754 4,052236
7,532401 5,504090
1,807382 9,285560
1,665081 2,722817
2,317403 3,364812
1,845063 4,641476
5,709575 5,255898
1,610238 3,799738
2,106972 9,124440
2,879662 2,960283
3,121187 3,889407
2,289645 9,314369
1,235179 10,291862
6,549745 7,024812
5,728532 5,881843
6,687700 6,373941
5,993810 6,297066
1,902980 9,175331
6,400864 6,319706
1,912052 8,703571
1,785384 8,853502
2,069486 9,067567
0,426711 10,124816
2,079977 3,669664
0,835387 8,747270
5,906125 5,633614
1,167000 9,051364
6,791465 6,100417
5,919167 6,069173
2,729379 9,136366
6,660745 6,627209
2,798237 8,852314
1,893760 2,648008
3,155269 9,029144
0,809077 3,318754
2,842517 3,749877
1,762940 3,714096
8,174579 6,507607
7,200063 5,600905
2,871872 3,410665
2,020793 3,979730
6,809586 6,298084
2,857104 4,078366
2,465857 8,388036
1,625838 8,287073
3,053170 8,148412
5,981706 5,737364
1,398822 9,009961
2,020611 8,867584
6,704718 5,074577
7,098396 5,002905
1,759079 9,502893
3,019651 3,848124
1,445618 8,908728
6,727317 6,573989
1,489798 4,576549
0,865439 9,554415
1,072670 8,167068
1,394544 9,430169
1,440383 9,094659
2,201094 9,600752
2,808045 2,868382
2,923983 3,765082
3,010617 2,750388
1,684616 8,536865
7,663801 5,662370
2,013983 2,996477
1,748736 9,637137
1,491365 3,578369
2,604559 2,915720
1,829996 4,155947
1,683738 9,161887
2,204004 8,713113
2,070575 8,736947
6,786145 6,499443
6,715749 5,043604
7,543665 5,805327
2,831188 2,840908
2,704224 2,406189
1,750328 9,957346
5,914348 5,164359
2,236727 4,217072
2,269413 3,394272
1,191820 3,371692
1,993588 2,665109
5,471647 4,967978
3,175928 3,570444
6,148663 7,088060
2,509562 3,452679
1,598677 9,992115
1,142689 9,404209
7,911022 5,763759
3,522072 2,804031
1,662358 8,880058
1,423107 9,614306
6,412729 6,806506
7,188193 6,083189
1,998427 2,986909
1,580011 4,248367
1,143957 8,786217
6,357627 5,148438
6,928651 5,899486
2,170374 3,135058
6,633319 6,341427
2,134218 9,044158
1,703614 8,359219
1,358364 9,662241
7,352709 5,776467
7,286240 6,337495
2,083525 8,176887
2,227369 2,928621
1,235983 8,094268
6,367752 4,825436
5,470579 5,801172
1,544809 9,007202
1,911574 8,837950
1,544061 8,905281
3,195320 3,406325
1,826876 3,709872
2,544398 3,451906
1,251475 2,663724
6,621875 5,770165
6,829819 5,528931
1,095262 10,070967
6,635617 6,270398
2,011939 3,453819
7,332778 6,810245
1,674477 3,276485
2,172876 3,130375
1,805232 9,023039
7,606132 4,908422
7,528256 5,157346
0,621447 9,286138
7,110707 5,916833
6,792276 6,404894
1,153928 10,110441
1,036948 10,014254
1,369986 8,416762
1,930323 9,797213
2,109418 4,682909
6,793757 6,794379
1,950689 9,309440
2,894594 3,506272
2,198051 8,820235
1,708855 8,638224
1,215477 8,659207
2,227258 9,805261
1,753693 8,749924
2,130575 3,072851
1,512545 8,538333
5,975894 5,804609
6,044029 6,823153
6,542441 5,349550
5,982012 6,765751
2,403779 8,962578
1,804196 4,671673
1,098030 3,751663
1,825370 2,851322
2,920078 9,810368
0,978494 8,074386
1,928414 9,601415
5,562964 5,690306
7,623688 7,199294
1,528913 8,850287
2,850930 2,585648
6,517335 5,751820
1,919514 8,969227
1,691755 8,955830
6,149485 5,664082
2,552777 3,651037
7,363035 5,819267
6,080025 4,966116
7,010715 6,028456
1,095626 3,028014
5,996546 5,390198
2,995307 3,254650
2,429421 10,353208
6,831972 5,603314
1,406872 4,368787
6,836606 6,620799
7,338092 6,014366
1,321606 3,437051
7,084972 6,258548
2,818310 3,750046
2,159698 4,058755
2,537202 3,449097
5,621750 4,949916
6,517936 5,923020
1,601153 2,909049
5,800165 6,337618
2,424552 3,226483
3,199184 3,764254
1,145981 8,744356
0,818384 4,261894
2,967496 3,134858
2,664883 3,202559
6,942042 6,801945
1,422921 9,549485
0,704718 3,878777
2,518854 9,726125
2,925691 2,882259
2,743843 9,722483
1,683314 8,701197
2,161309 4,578928
1,692153 9,136670
8,007536 6,298040
1,826443 4,354107
2,108528 2,758209
5,484603 6,179817
2,256798 9,336117
5,528973 4,679083
1,384099 4,100205
0,818353 9,095767
6,878696 7,097227
6,230010 6,112024
1,644560 3,150962
1,569848 3,145750
2,482418 3,742602
2,808349 3,362716
2,408006 8,994634
6,588562 5,849676
5,900919 5,453489
1,311619 8,729854
2,320342 2,921320
2,565339 2,841841
2,523077 9,699496
0,797395 9,260893
2,778103 2,764896
1,447274 2,098539
6,446628 6,180709
6,341649 5,880981
1,895874 3,599933
2,101194 9,175018
2,400420 8,588728
3,457818 4,029387
2,216500 9,122289
6,560922 5,763968
1,171454 3,915830
2,200629 8,772332
1,799882 9,936566
6,445897 6,201239
2,221311 9,562431
2,311779 2,499021
1,671894 2,429550
2,690253 2,955296
6,311628 5,266038
6,844986 6,316378
2,119700 3,345347
1,406456 9,100946
2,078027 9,117175
2,217364 9,396406
2,345863 7,832967
6,440638 5,864334
6,056075 5,882534
5,986914 6,176111
7,426478 5,752119
6,591388 5,519574
5,788645 5,066940
7,359405 5,246811
2,476939 2,570083
1,727021 9,182401
1,247820 4,103612
6,829997 6,812304
6,705290 6,126794
1,591474 3,956139
0,698520 3,597172
7,174129 7,251358
7,016414 5,483409
2,815650 8,757753
1,066893 2,715496
7,051876 6,944479
0,877575 7,894504
1,248884 3,568801
7,294644 4,768632
2,117842 3,354604
7,392705 4,821133
7,463218 5,713667
1,753448 8,521660
7,369250 6,396138
2,049128 3,339863
6,286684 6,321561
7,055284 6,251971
2,826127 3,228845
2,259508 9,169144
6,299904 5,971694
1,171592 8,189547
2,031049 8,926017
0,451826 9,078258
1,069848 8,569926
1,483939 8,610795
1,569685 3,200870
1,623898 3,027245
6,039598 6,307804
1,495660 2,892588
7,181479 6,928361
6,185065 6,216141
1,863702 8,181352
6,688443 5,916171
1,399076 1,943850
2,855520 8,964744
5,905587 5,910826
2,883602 2,618275
6,270367 6,340556
7,395206 5,959010
6,507093 5,034357
6,804635 6,756943
2,303095 10,068580
6,696812 6,072194
2,463489 3,390164
7,484894 6,614419
1,364272 3,158610
0,914954 8,705799
6,070645 4,756612
6,716149 5,471578
6,388734 6,489803
1,812623 9,702087
1,863999 4,449712
6,287426 5,956555
2,127128 9,162418
2,104576 3,355068
1,473355 2,177202
2,627627 8,399773
2,017639 9,227176
6,478052 5,988907
1,752553 7,834878
1,745928 3,360216
6,362274 6,418696
1,152029 4,072842
0,640476 10,454681
5,597445 6,828860
1,241939 3,480413
1,814856 8,740490
1,880864 3,622165
1,994090 2,282029
5,977301 5,449610
6,189221 6,194933
1,955823 4,045761
1,932644 9,349526
1,657615 8,680199
1,742229 10,125397
7,300329 6,093503
7,030701 5,993497
1,887689 9,560256
2,934759 3,086172
1,709320 8,721903
0,765065 3,508608
2,149710 3,891899
1,356261 9,312319
2,613252 3,349383
2,446277 3,788631
2,214633 3,558564
6,981468 6,420423
1,647461 4,001854
2,032041 3,515683
1,894824 3,472179
7,233435 5,881265
2,174916 3,181431
1,865409 3,074313
2,185492 3,215457
0,971385 8,948340
6,991467 4,640725
2,611096 3,749902
6,400312 7,186407
1,765832 8,882355
2,402271 3,636217
1,300723 3,854236
6,616931 5,780636
1,924443 2,015047
2,264710 2,306125
0,974135 9,902096
1,945604 9,376612
2,129704 3,165485
6,460623 5,468943
1,717401 8,844700
5,684667 5,348780
1,997234 8,545907
1,183463 2,827685
6,702307 6,135060
2,353780 3,234121
6,658071 6,050560
2,011808 9,827766
6,559140 5,160236
2,157572 2,777914
6,599277 5,531116
0,870458 10,361223
2,141927 9,046125
7,319423 6,141213
6,253187 6,124303
6,253166 4,838706
1,902631 3,217623
1,073100 2,856050
6,735226 6,080130
7,184027 5,215610
2,251994 8,874477
1,838946 8,723301
1,437274 8,178873
7,035344 6,084210
1,486573 10,366238
7,073487 7,099514
2,536105 7,963012
1,293619 2,667487
2,144530 3,691073
1,647450 3,578223
7,611619 4,867711
5,886140 5,333969
6,064223 6,919807
2,014922 9,157435
1,718738 9,358266
7,235377 6,124872
1,666747 8,686231
1,883617 4,106174
1,211366 10,449260
5,467474 7,265194
2,081506 8,924716
6,280624 5,753348
2,623606 10,398638
6,517183 4,892196
1,856264 8,934272
6,013360 5,890396
1,529093 9,695235
6,622007 6,222375
2,648199 3,948594
1,461112 9,499688
7,706360 4,738159
2,347077 9,234704
1,794187 8,444390
6,906032 4,541867
7,051746 5,920727
2,882236 3,426186
5,723744 6,729854
1,566841 9,473994
2,015659 2,463876
7,575652 5,847504
7,294584 6,852592
6,351108 6,174431
1,744487 8,499617
1,939288 3,690874
6,509477 5,250951
7,616785 4,747389
2,008304 9,980164
1,775737 8,687358
1,260188 9,180700
3,190685 2,232669
1,906671 9,556617
6,303250 5,311737
2,772947 9,051061
6,724073 6,921466
0,966458 2,848179
6,101262 6,096914
6,303616 6,056375
1,211205 3,290138
1,700295 8,875626
6,702614 6,059839
1,414669 9,432285
1,586222 8,325385
2,837404 7,837739
7,433986 5,713863
1,570409 3,441624
7,467189 6,853168
2,084213 4,042547
7,100167 6,111310
2,290637 3,563333
6,319840 5,038313
2,100474 9,350306
1,464066 3,433430
1,493967 4,182334
7,202292 4,942405
2,881745 8,865322
1,768965 3,904135
6,741581 5,875190
2,197564 8,484201
2,653486 2,808466
1,473744 9,565697
1,633867 9,044895
2,236185 2,347126
1,740163 2,531824
6,900605 6,783438
1,792152 8,385829
1,664660 3,627748
7,147076 5,908673
7,333854 6,461027
1,026188 10,182547
2,946579 3,706375
2,464493 9,119162
1,860713 8,917486
1,527399 8,820749
1,842870 8,412422
2,112190 2,694733
5,683228 6,281140
1,348085 9,666202
2,481352 2,191343
2,551626 3,265798
6,302647 5,784004
1,444317 9,845262
2,678209 4,033445
1,396955 3,474176
6,806773 6,964431
6,773395 5,829178
0,842593 9,383715
2,023782 2,858369
1,926482 2,291148
2,504162 3,736754
2,033162 9,141664
7,394340 5,424310
6,757560 5,515657
1,094109 3,928410
1,099549 9,655448
5,616922 6,147835
7,071356 5,514144
1,332704 4,040722
0,622489 10,085613
1,333408 9,973989
6,187856 6,249673
1,609730 9,005404
0,875545 3,567032
5,588871 5,641098
6,083589 5,981780
1,996299 3,523744
1,522552 2,662303
6,210599 6,433198
1,832894 8,832533
6,529274 6,270653
1,549126 9,117145
6,357465 6,749331
6,830019 6,705841
6,634272 5,802859
1,151188 2,700961
2,680920 3,313836
1,801415 3,103932
5,742892 5,515978
7,456081 6,069211
6,975418 5,924084
2,534036 3,741854
6,476194 5,639502
2,324155 9,927999
1,262599 8,380483
2,513243 9,516558
1,293301 9,992620
2,710955 3,132842
6,943341 6,173742
2,326288 8,860168
6,456769 7,319701
1,624499 8,502987
7,479337 5,690347
5,819338 6,613261
2,756135 8,348144
3,078827 8,417414
2,899998 8,923972
1,460395 9,241155
1,421220 9,083362
7,784521 6,385392
2,839825 4,429426
1,384911 8,355150
2,603887 1,955661
8,141843 7,180795
3,074194 9,926584
2,738253 2,980369
1,624721 8,908573
1,293448 4,210521
2,173378 8,078293
1,893900 3,173932
1,563926 3,484934
1,793887 8,830354
7,354346 6,178703
2,100853 3,086607
1,519206 10,300772
6,305141 6,367454
6,077531 6,142965
5,463870 5,690894
2,489502 9,536277
2,431604 8,796516
2,424661 3,331251
2,086582 9,963982
1,606793 4,200678
6,522554 5,931662
1,439485 3,185736
2,249901 2,924959
1,532751 8,587417
7,499095 5,671862
1,698114 9,700293
6,909957 5,978120
1,982205 9,430356
1,954400 8,792864
7,547075 5,537774
1,867913 8,998399
0,427412 8,930492
7,490438 6,205964
0,736771 3,475837
0,866167 9,957078
1,482089 3,053695
2,675388 9,492392
0,996055 8,955129
6,206107 5,560169
6,778223 5,963080
7,408694 6,062779
2,473822 3,042104
1,669994 3,664123
7,119641 4,989130
0,940098 3,882254
2,361105 3,754479
1,793635 8,874340
6,331248 6,416630
1,410409 9,404141
1,533928 4,699583
2,237610 9,351149
1,512246 3,566164
1,174037 10,312291
1,029402 3,807497
7,819455 6,250246
6,744811 4,814437
0,830704 2,574390
5,781852 6,328000
1,457661 10,096965
2,043379 9,905860
2,666596 2,439866
7,306199 6,219377
2,367987 9,537116
1,830496 3,018932
1,698240 9,788163
7,300597 4,756676
6,149657 5,766222
1,497767 9,553325
7,600941 5,933185
6,485639 5,194254
1,851351 3,508045
2,867692 9,007135
7,123019 6,233456
1,405065 2,362983
2,417428 2,215958
1,920605 7,794961
0,915053 10,456517
2,260733 2,365586
1,046118 3,852912
7,231271 6,835715
2,344595 3,470887
3,048920 4,213730
6,209240 6,120018
1,670122 3,266754
1,998501 8,351940
2,844842 9,863418
2,541412 3,887930
6,493469 6,310898
1,068470 9,596983
1,201853 3,173082
7,623400 6,901965
7,823475 5,901838
6,870893 6,375113
7,110861 6,254109
6,062050 4,926514
1,612110 9,407894
1,754421 8,359497
3,161275 2,525377
1,269872 3,952802
7,020566 5,826255
6,552224 5,827004
2,411525 9,717607
2,493352 8,577160
2,404052 9,520240
6,243037 6,459433
2,495905 9,301878
2,892169 8,892400
6,836554 6,584845
1,530365 9,270947
7,264547 6,221671
1,079148 3,047848
1,944029 9,033720
1,438363 2,883247
2,686499 3,614915
6,823913 6,035777
5,728220 6,967106
1,848890 2,399427
2,218008 2,784145
7,636131 5,862596
3,059783 3,428262
7,135971 6,473648
2,847727 3,193490
2,095204 9,274737
2,957195 10,340745
1,355185 10,099146
0,897260 9,852396
1,948198 8,754638
1,721136 8,886663
2,077548 2,760765
1,595618 3,458847
6,263164 5,688965
6,324162 5,892683
1,325763 8,884122
6,960097 5,943976
1,777424 9,409460
7,675859 7,036177
1,752596 2,441758
7,064900 5,404373
1,164971 7,905890
7,305360 6,007790
6,121454 6,024905
0,954782 8,874174
2,013703 3,380951
2,166514 3,402587
2,396996 2,089715
1,278258 8,706748
1,624512 2,890800
6,751024 6,096993
1,703621 2,908561
1,471582 9,407810
3,017814 9,102208
1,649162 3,103720
6,861340 4,863129
3,185222 3,484913
6,345860 6,453650
6,167097 6,439864
1,820258 2,431491
2,144904 2,759360
2,505517 8,044415
5,765321 6,792819
5,709123 6,119373
2,440743 9,186490
1,959240 2,822216
2,660927 9,802382
1,901694 3,000375
2,414897 9,537430
1,609053 8,311438
6,103901 5,552200
5,587884 6,132553
0,470824 9,258102
1,244421 10,098193
1,735981 9,967190
7,860449 6,615007
2,954689 3,370354
6,391988 6,021521
6,929379 5,968614
2,029148 2,562944
2,031368 8,294131
2,519338 3,335986
5,708827 5,655356
1,987895 8,892694
5,319266 7,016348
0,576371 3,318047
2,079156 7,832636
2,357503 3,036287
2,489319 3,683139
1,944127 8,869349
6,747427 5,228210
6,721950 5,074799
2,472641 3,861999
0,954692 2,863070
1,595636 8,094164
6,625319 5,682063
2,660395 8,027356
7,448862 6,608263
1,765534 8,310309
0,986025 3,467746
6,991191 5,712830
7,285960 6,929761
3,001936 3,703858
6,784741 4,981774
6,855246 5,533662
6,630350 5,460300
2,601137 9,702685
5,909870 5,105843
1,003186 9,190754
5,984937 6,881461
6,712765 5,098353
1,550462 3,104662
2,099044 2,672661
6,256404 7,142272
6,741378 4,810324
0,974108 3,231508
7,511353 5,831067
2,659579 3,737863
2,225417 2,480698
3,054801 10,336028
2,094219 9,353059
2,284264 8,984145
1,732888 2,649547
6,830062 4,728262
2,917162 9,821544
6,719639 6,896624
2,476590 2,859588
7,262151 5,675122
6,841013 5,514259
7,140626 5,916830
5,750322 5,751078
3,015773 3,380565
6,462237 5,829248
1,953242 8,357997
7,269877 6,250345
1,751508 2,937551
2,746521 4,460931
2,653784 9,810310
2,383756 2,661753
7,258899 6,092803
1,228941 8,914704
6,594421 5,799600
6,453885 4,697259
2,449928 8,587261
2,539883 8,489357
5,868664 6,135667
1,532282 3,747611
0,604677 9,730117
0,854827 8,408655
2,162209 3,193462
2,878327 3,545140
6,316136 6,478142
6,251949 7,083947
2,511853 8,762136
6,554865 5,501870
2,817683 3,132460
2,536194 3,663459
7,064680 5,590756
6,521820 5,959592
6,326107 6,817590
1,836259 2,828678
2,072115 7,857228
1,400154 3,795339
0,994933 4,302079
6,428898 5,900377
2,379607 8,650817
1,529145 3,179431
2,465791 2,629671
2,272736 4,529432
1,434782 10,218410
1,101782 8,810320
1,394282 10,083789
1,952124 10,558751
5,818855 6,323440
5,600697 4,699065
7,096033 6,083324
1,558038 3,739506
1,547951 2,966461
1,901224 9,060900
6,230617 6,028656
2,394869 2,752518
6,730850 6,709474
7,195189 5,819304
2,237684 3,802240
7,410877 6,037129
7,138437 6,271142
2,412265 8,997277
2,160066 3,314043
5,487537 5,752771
1,542328 2,989184
1,725807 9,130845
1,558809 9,168727
7,067761 5,333519
1,165757 9,262263
1,463221 9,416140
3,213344 2,349581
1,058750 3,961572
6,577074 5,189370
2,174370 9,157547
1,955371 8,948975
2,401424 2,968895
1,728281 3,965237
3,230278 2,891503
7,084730 6,306449
6,934805 6,040858
2,599546 3,052579
2,362189 2,010510
7,357235 5,001649
1,433121 8,949929
2,887666 8,695224
1,424835 9,084524
1,870169 10,034690
2,276581 8,563598
2,046776 9,791207
2,731555 3,623020
2,467526 9,098384
2,001222 4,190851
2,914430 8,428943
7,155105 4,800062
6,307571 5,982826
6,997330 5,463869
7,356182 5,786759
1,462399 2,269905
1,062777 3,751374
7,122766 5,972867
1,981692 8,530601
1,871879 9,429676
6,366794 5,103786
1,788214 9,044261
6,993950 5,805178
1,356022 9,121650
5,747183 6,141837
6,729056 6,599439
1,837081 3,543662
6,889682 6,777459
2,581019 8,299635
2,601314 7,878451
5,755756 6,070323
3,010690 9,602767
1,776800 9,860580
1,424476 9,469227
2,331889 3,750568
2,136410 9,768584
1,902116 2,699751
1,436375 9,674778
2,576606 2,803953
0,514923 10,359368
2,592953 2,923061
6,421151 6,015727
6,463316 5,299924
7,634702 7,267760
2,505765 3,575999
1,446273 2,320358
2,487991 2,811275
2,041690 3,589861
7,200974 5,777037
2,188929 3,914258
2,727581 9,066491
1,221876 10,043239
1,772519 8,218431
2,228654 9,615579
1,202193 3,439173
2,542308 3,299258
1,755014 8,529855
7,784850 6,313302
2,096359 8,910088
1,594784 3,906070
1,999199 3,461713
2,725398 2,853549
1,931796 10,119124
6,467824 5,976676
1,768781 7,776687
2,710871 3,013678
2,510544 4,027257
1,815564 8,440102
2,306960 8,961082
1,994562 2,864792
5,844257 6,130259
6,800009 6,410141
1,198742 3,057272
1,900731 10,203690
2,009937 3,028744
7,606402 5,412098
3,027258 8,305964
1,023354 3,204771
7,528404 5,604377
1,403799 9,694039
5,758135 6,272277
7,637970 6,546084
6,703835 5,177141
2,865651 2,553943
1,916159 4,313296
8,122151 6,631700
1,975387 2,176128
2,651255 8,914902
2,047124 8,334226
1,744402 9,118897
1,677196 2,448212
1,937944 9,394532
1,840969 2,924743
2,444569 3,580465
1,645659 9,158940
3,130102 3,059129
7,099709 6,003476
3,157696 9,875601
1,586381 3,129400
2,377087 4,184821
7,374151 6,393318
1,473147 3,357110
2,731965 8,496059
3,022995 2,837301
7,121012 4,854969
1,976740 8,998140
3,163239 3,668608
6,821383 5,543124
6,906834 6,032294
2,361692 8,423913
6,179011 6,033207
7,508270 5,934842
2,142992 3,984149
2,778732 8,941556
6,535646 6,037728
1,590816 4,191127
1,308673 4,280197
1,885242 8,709286
1,560886 2,926375
5,863206 5,380886
7,243895 5,842470
2,007317 9,945169
1,970251 8,631081
1,360475 9,399116
1,327412 9,221250
2,421338 3,103182
1,877652 8,113454
1,818348 3,437503
1,062415 8,175365
6,938709 6,214962
2,099402 8,932824
1,800397 8,520026
6,934189 4,586559
1,777229 3,664337
0,748677 2,460334
2,198872 8,309337
2,861995 3,097834
0,947340 3,717868
2,263786 3,480544
7,242577 5,856555
2,917914 3,706664
0,612933 9,085092
6,345761 5,849788
1,236555 8,579121
7,038965 5,467109
2,495220 2,181679
1,511202 8,480720
1,613896 9,678824
2,150593 8,599771
1,765197 9,120634
5,948832 6,782742
1,142389 4,247151
1,936326 8,939237
1,578447 9,907966
2,698018 10,161910
1,267626 8,002991
5,698395 5,965797
1,713311 2,822835
1,716956 9,506546
2,863457 2,465510
2,621894 2,973806
6,823469 6,273410
6,500429 6,624239
2,071457 8,869047
1,226003 9,044966
2,089665 8,806856
7,145558 5,481841
1,821881 3,156374
1,472821 4,107346
6,508463 5,579052
1,813805 2,991726
6,634862 5,116293
1,684450 2,307179
6,774894 5,459394
3,193072 3,499029
1,619647 2,790111
2,768938 9,619865
5,683125 5,338109
2,625554 9,643501
6,930369 6,487775
2,070500 9,152161
1,055218 3,993253
5,904005 6,162431
2,313262 9,596104
0,887851 9,219565
5,732038 5,185523
2,651246 2,333728
2,587808 10,339094
2,721230 3,722339
7,215209 6,147468
2,304137 8,611624
2,037743 8,619311
1,693779 8,901748
1,794358 4,056221
5,399888 4,693805
6,955766 6,073521
2,830715 9,259765
2,664874 4,635488
7,704602 4,994811
2,492439 8,222442
6,306511 6,247662
7,214147 5,784945
2,083861 3,440974
2,210543 9,649453
7,384164 5,267102
1,626279 9,258837
2,329203 4,104087
3,106807 3,257876
6,135675 6,403116
6,315035 5,713013
5,743919 5,495307
2,451700 1,922618
1,578505 2,912432
6,007997 6,095828
2,856753 10,045231
1,796288 8,032424
2,038068 8,648924
1,404154 9,276564
7,100395 7,150404
1,641643 9,198570
1,563464 9,478588
7,048682 6,644319
6,548355 6,085344
2,228195 8,117962
6,817140 5,840448
7,365948 5,481928
1,406208 9,122476
7,395237 6,166394
7,200927 5,901659
6,996497 6,976079
1,713456 8,847381
2,279261 9,340135
0,559691 9,404860
1,388166 8,673579
1,488131 8,612101
7,590148 6,085937
5,876932 5,790952
1,776356 3,147020
1,278300 2,810010
6,947585 6,580250
6,921772 6,585335
1,447433 9,984741
1,808537 9,610745
2,158665 9,595632
1,559332 2,743646
2,685209 8,616355
6,651994 5,857217
7,337273 6,659516
1,838304 8,477683
1,530842 3,725249
6,664418 6,041288
1,988143 10,549894
1,573656 8,715176
2,418733 3,342669
6,176292 5,219562
6,211551 6,337548
0,960361 9,069799
1,262443 3,003937
7,343043 6,015564
1,781908 9,361087
2,103475 4,086233
7,768670 7,359675
6,829816 5,745175
8,092405 5,859847
5,887251 5,887170
7,381067 6,159642
